a Hana_Idel 13
{
 n RootNode 0
 n pCube1 0
 n joint1 9
  c tx 3
   d 0 0 3 0 0
   d 1 0 3 0 0 
   d 37 0 3 0 0 
  c ty 4
   d 0 0 3 0 0
   d 1 0 3 0 0 
   d 18 -0.03063 3 0 0 
   d 37 0 3 0 0 
  c tz 3
   d 0 0 3 0 0
   d 1 0 3 0 0 
   d 37 0 3 0 0 
  c rx 3
   d 0 0 3 0 0
   d 1 0 3 0 0 
   d 37 0 3 0 0 
  c ry 3
   d 0 0 3 0 0
   d 1 0 3 0 0 
   d 37 0 3 0 0 
  c rz 3
   d 0 0 3 0 0
   d 1 0 3 0 0 
   d 37 0 3 0 0 
  c sx 3
   d 0 1 3 0 0
   d 1 1 3 0 0 
   d 37 1 3 0 0 
  c sy 3
   d 0 1 3 0 0
   d 1 1 3 0 0 
   d 37 1 3 0 0 
  c sz 3
   d 0 1 3 0 0
   d 1 1 3 0 0 
   d 37 1 3 0 0 
 n joint2 0
 n joint3 0
 n joint4 9
  c tx 3
   d 0 0.146854 3 0 0
   d 1 0.146854 3 0 0 
   d 37 0.146854 3 0 0 
  c ty 3
   d 0 -0.145466 3 0 0
   d 1 -0.145466 3 0 0 
   d 37 -0.145466 3 0 0 
  c tz 3
   d 0 -0.019054 3 0 0
   d 1 -0.019054 3 0 0 
   d 37 -0.019054 3 0 0 
  c rx 4
   d 0 0 3 0 0
   d 1 0 3 0 0 
   d 18 -0.425095 3 0 0 
   d 37 0 3 0 0 
  c ry 3
   d 0 0 3 0 0
   d 1 0 3 0 0 
   d 37 0 3 0 0 
  c rz 3
   d 0 0 3 0 0
   d 1 0 3 0 0 
   d 37 0 3 0 0 
  c sx 3
   d 0 1 3 0 0
   d 1 1 3 0 0 
   d 37 1 3 0 0 
  c sy 3
   d 0 1 3 0 0
   d 1 1 3 0 0 
   d 37 1 3 0 0 
  c sz 3
   d 0 1 3 0 0
   d 1 1 3 0 0 
   d 37 1 3 0 0 
 n joint5 9
  c tx 3
   d 0 -0.004213 3 0 0
   d 1 -0.004213 3 0 0 
   d 37 -0.004213 3 0 0 
  c ty 3
   d 0 -0.168269 3 0 0
   d 1 -0.168269 3 0 0 
   d 37 -0.168269 3 0 0 
  c tz 3
   d 0 0.050164 3 0 0
   d 1 0.050164 3 0 0 
   d 37 0.050164 3 0 0 
  c rx 4
   d 0 0 3 0 0
   d 1 0 3 0 0 
   d 18 0.451098 3 0 0 
   d 37 0 3 0 0 
  c ry 3
   d 0 0 3 0 0
   d 1 0 3 0 0 
   d 37 0 3 0 0 
  c rz 3
   d 0 0 3 0 0
   d 1 0 3 0 0 
   d 37 0 3 0 0 
  c sx 3
   d 0 1 3 0 0
   d 1 1 3 0 0 
   d 37 1 3 0 0 
  c sy 3
   d 0 1 3 0 0
   d 1 1 3 0 0 
   d 37 1 3 0 0 
  c sz 3
   d 0 1 3 0 0
   d 1 1 3 0 0 
   d 37 1 3 0 0 
 n joint6 9
  c tx 3
   d 0 0 3 0 0
   d 1 0 3 0 0 
   d 37 0 3 0 0
  c ty 3
   d 0 -0.20521 3 0 0
   d 1 -0.20521 3 0 0 
   d 37 -0.20521 3 0 0
  c tz 3
   d 0 -0.08527 3 0 0
   d 1 -0.08527 3 0 0 
   d 37 -0.08527 3 0 0
  c rx 3
   d 0 0 3 0 0
   d 1 0 3 0 0 
   d 37 0 3 0 0
  c ry 3
   d 0 0 3 0 0
   d 1 0 3 0 0 
   d 37 0 3 0 0
  c rz 3
   d 0 0 3 0 0
   d 1 0 3 0 0 
   d 37 0 3 0 0
  c sx 3
   d 0 1 3 0 0
   d 1 1 3 0 0 
   d 37 1 3 0 0
  c sy 3
   d 0 1 3 0 0
   d 1 1 3 0 0 
   d 37 1 3 0 0
  c sz 3
   d 0 1 3 0 0
   d 1 1 3 0 0 
   d 37 1 3 0 0
 n joint7 0
 n joint12 9
  c tx 3
   d 0 -0.146854 3 0 0
   d 1 -0.146854 3 0 0 
   d 37 -0.146854 3 0 0 
  c ty 3
   d 0 -0.145465 3 0 0
   d 1 -0.145465 3 0 0 
   d 37 -0.145465 3 0 0 
  c tz 3
   d 0 -0.019054 3 0 0
   d 1 -0.019054 3 0 0 
   d 37 -0.019054 3 0 0 
  c rx 4
   d 0 0 3 0 0
   d 1 0 3 0 0 
   d 18 -0.425095 3 0 0 
   d 37 0 3 0 0 
  c ry 3
   d 0 0 3 0 0
   d 1 0 3 0 0 
   d 37 0 3 0 0 
  c rz 3
   d 0 0 3 0 0
   d 1 0 3 0 0 
   d 37 0 3 0 0 
  c sx 3
   d 0 1 3 0 0
   d 1 1 3 0 0 
   d 37 1 3 0 0 
  c sy 3
   d 0 1 3 0 0
   d 1 1 3 0 0 
   d 37 1 3 0 0 
  c sz 3
   d 0 1 3 0 0
   d 1 1 3 0 0 
   d 37 1 3 0 0 
 n joint5 9
  c tx 3
   d 0 0.004213 3 0 0
   d 1 0.004213 3 0 0 
   d 37 0.004213 3 0 0 
  c ty 3
   d 0 -0.168269 3 0 0
   d 1 -0.168269 3 0 0 
   d 37 -0.168269 3 0 0 
  c tz 3
   d 0 0.050164 3 0 0
   d 1 0.050164 3 0 0 
   d 37 0.050164 3 0 0 
  c rx 4
   d 0 0 3 0 0
   d 1 0 3 0 0 
   d 18 0.451098 3 0 0 
   d 37 0 3 0 0 
  c ry 3
   d 0 0 3 0 0
   d 1 0 3 0 0 
   d 37 0 3 0 0 
  c rz 3
   d 0 0 3 0 0
   d 1 0 3 0 0 
   d 37 0 3 0 0 
  c sx 3
   d 0 1 3 0 0
   d 1 1 3 0 0 
   d 37 1 3 0 0 
  c sy 3
   d 0 1 3 0 0
   d 1 1 3 0 0 
   d 37 1 3 0 0 
  c sz 3
   d 0 1 3 0 0
   d 1 1 3 0 0 
   d 37 1 3 0 0 
 n joint6 9
  c tx 3
   d 0 -0 3 0 0
   d 1 -0 3 0 0 
   d 37 -0 3 0 0
  c ty 3
   d 0 -0.205211 3 0 0
   d 1 -0.205211 3 0 0 
   d 37 -0.205211 3 0 0
  c tz 3
   d 0 -0.08527 3 0 0
   d 1 -0.08527 3 0 0 
   d 37 -0.08527 3 0 0
  c rx 3
   d 0 0 3 0 0
   d 1 0 3 0 0 
   d 37 0 3 0 0
  c ry 3
   d 0 0 3 0 0
   d 1 0 3 0 0 
   d 37 0 3 0 0
  c rz 3
   d 0 0 3 0 0
   d 1 0 3 0 0 
   d 37 0 3 0 0
  c sx 3
   d 0 1 3 0 0
   d 1 1 3 0 0 
   d 37 1 3 0 0
  c sy 3
   d 0 1 3 0 0
   d 1 1 3 0 0 
   d 37 1 3 0 0
  c sz 3
   d 0 1 3 0 0
   d 1 1 3 0 0 
   d 37 1 3 0 0
 n joint7 0
}
