i monster 2379
0 1 2 
1 3 2 
3 4 2 
4 0 2 
5 6 7 
6 8 7 
8 9 7 
9 5 7 
10 35 34 
11 37 36 
11 38 37 
10 34 38 
26 16 12 
12 25 26 
18 17 13 
13 14 18 
19 18 14 
14 15 19 
16 19 15 
15 12 16 
27 20 16 
16 26 27 
22 21 17 
17 18 22 
23 22 18 
18 19 23 
20 23 19 
19 16 20 
29 20 27 
27 30 29 
31 21 22 
22 32 31 
32 22 23 
23 33 32 
33 23 20 
20 29 33 
30 28 29 
32 24 31 
33 24 32 
29 28 33 
34 35 25 
25 12 34 
36 37 14 
14 13 36 
37 38 15 
15 14 37 
38 34 12 
12 15 38 
39 40 41 
40 42 41 
42 43 41 
43 39 41 
44 45 46 
45 47 46 
47 48 46 
48 44 46 
49 50 51 
50 52 51 
52 53 51 
53 54 51 
54 49 51 
57 58 55 
55 56 57 
60 57 56 
56 59 60 
63 64 61 
61 62 63 
58 63 62 
62 55 58 
66 58 57 
57 65 66 
67 65 57 
57 60 67 
69 64 63 
63 68 69 
68 63 58 
58 66 68 
66 65 70 
70 71 66 
65 67 72 
72 70 65 
74 69 68 
68 73 74 
73 68 66 
66 71 73 
96 93 94 
94 95 96 
95 94 97 
97 98 95 
102 99 100 
100 101 102 
104 101 100 
100 103 104 
107 108 105 
105 106 107 
161 107 106 
106 160 161 
112 109 110 
110 111 112 
114 111 110 
110 113 114 
116 114 113 
113 115 116 
116 115 117 
117 118 116 
118 117 119 
119 120 118 
168 120 119 
119 163 168 
123 124 121 
121 122 123 
126 123 122 
122 125 126 
128 126 125 
125 127 128 
128 127 129 
129 130 128 
130 129 131 
131 132 130 
132 131 169 
169 164 132 
134 155 154 
154 133 134 
133 154 156 
156 135 133 
135 156 136 
136 137 135 
136 158 138 
138 137 136 
158 157 139 
139 138 158 
157 167 165 
165 139 157 
77 102 98 
98 97 77 
104 75 105 
105 108 104 
108 159 104 
102 101 159 
159 98 102 
141 134 133 
133 140 141 
140 133 135 
135 142 140 
142 135 137 
137 143 142 
137 138 144 
144 143 137 
138 139 145 
145 144 138 
139 165 166 
166 145 139 
121 112 111 
111 122 121 
122 111 114 
114 125 122 
114 116 127 
127 125 114 
127 116 118 
118 129 127 
118 120 131 
131 129 118 
120 168 169 
169 131 120 
146 147 94 
94 93 146 
147 148 97 
97 94 147 
149 150 106 
106 105 149 
150 162 160 
160 106 150 
151 152 100 
100 99 151 
152 153 103 
103 100 152 
148 78 77 
77 97 148 
76 149 105 
105 75 76 
88 85 86 
86 87 88 
87 86 89 
89 90 87 
88 91 85 
92 90 89 
109 141 140 
140 110 109 
110 140 142 
142 113 110 
113 142 143 
143 115 113 
143 144 117 
117 115 143 
144 145 119 
119 117 144 
145 166 163 
163 119 145 
159 101 104 
81 80 79 
82 81 79 
84 83 79 
80 84 79 
172 170 171 
171 276 172 
276 171 173 
173 277 276 
278 277 173 
173 273 278 
175 278 273 
273 174 175 
175 174 176 
176 177 175 
177 176 257 
257 258 177 
242 239 240 
240 241 242 
246 243 244 
244 245 246 
187 188 178 
178 186 187 
187 186 189 
189 190 187 
190 189 179 
179 191 190 
248 240 239 
239 247 248 
188 187 192 
192 193 188 
187 190 194 
194 192 187 
194 190 191 
191 195 194 
248 247 249 
249 250 248 
193 192 196 
196 197 193 
192 194 198 
198 196 192 
198 194 195 
195 199 198 
250 249 251 
251 252 250 
183 182 197 
197 196 183 
184 183 196 
196 198 184 
185 184 198 
198 199 185 
243 246 252 
252 251 243 
178 172 276 
276 186 178 
276 277 189 
189 186 276 
277 278 179 
179 189 277 
255 253 201 
201 254 255 
175 177 181 
181 180 175 
181 177 258 
258 259 181 
256 205 241 
241 240 256 
206 204 272 
272 270 206 
206 270 271 
271 207 206 
207 271 241 
241 205 207 
205 256 254 
254 201 205 
204 206 203 
203 202 204 
206 207 200 
200 203 206 
207 205 201 
201 200 207 
208 274 275 
208 211 274 
208 212 211 
208 213 212 
208 214 264 
208 275 214 
215 216 210 
210 209 215 
217 215 209 
209 265 217 
218 217 265 
265 266 218 
219 218 266 
266 267 219 
220 260 269 
269 268 220 
216 220 268 
268 210 216 
221 222 216 
216 215 221 
223 221 215 
215 217 223 
224 223 217 
217 218 224 
225 224 218 
218 219 225 
226 261 260 
260 220 226 
222 226 220 
220 216 222 
273 173 227 
227 228 273 
174 273 228 
228 229 174 
176 174 229 
229 230 176 
257 176 230 
230 231 257 
171 170 262 
262 232 171 
173 171 232 
232 227 173 
221 233 234 
234 222 221 
223 235 233 
233 221 223 
224 236 235 
235 223 224 
225 237 236 
236 224 225 
226 238 263 
263 261 226 
222 234 238 
238 226 222 
233 228 227 
227 234 233 
235 229 228 
228 233 235 
236 230 229 
229 235 236 
237 231 230 
230 236 237 
238 232 262 
262 263 238 
234 227 232 
232 238 234 
281 282 279 
279 280 281 
285 286 283 
283 284 285 
289 290 287 
287 288 289 
293 294 291 
291 292 293 
295 296 279 
279 282 295 
295 310 287 
287 296 295 
297 298 283 
283 286 297 
299 280 279 
279 296 299 
299 296 287 
287 290 299 
297 292 291 
291 298 297 
300 284 283 
283 298 300 
300 298 291 
291 294 300 
303 304 301 
301 302 303 
290 311 305 
305 306 290 
301 299 307 
307 302 301 
307 299 290 
290 306 307 
302 309 308 
308 303 302 
305 293 292 
292 306 305 
309 302 307 
292 297 307 
307 306 292 
307 297 286 
286 309 307 
308 309 286 
286 285 308 
299 301 280 
304 281 280 
280 301 304 
314 313 312 
312 315 314 
317 316 313 
313 314 317 
320 319 318 
318 321 320 
315 312 319 
319 320 315 
323 322 314 
314 315 323 
324 317 314 
314 322 324 
326 325 320 
320 321 326 
325 323 315 
315 320 325 
323 328 327 
327 322 323 
322 327 329 
329 324 322 
331 330 325 
325 326 331 
330 328 323 
323 325 330 
335 334 333 
333 332 335 
334 337 336 
336 333 334 
341 340 339 
339 338 341 
343 342 339 
339 340 343 
346 345 344 
344 347 346 
349 348 345 
345 346 349 
353 352 351 
351 350 353 
355 354 351 
351 352 355 
357 356 354 
354 355 357 
357 359 358 
358 356 357 
359 361 360 
360 358 359 
363 362 360 
360 361 363 
366 365 364 
364 367 366 
369 368 365 
365 366 369 
371 370 368 
368 369 371 
371 373 372 
372 370 371 
373 375 374 
374 372 373 
375 377 376 
376 374 375 
380 379 378 
378 381 380 
379 383 382 
382 378 379 
383 385 384 
384 382 383 
384 385 387 
387 386 384 
386 387 389 
389 388 386 
388 389 391 
391 390 388 
392 336 337 
337 341 392 
343 347 344 
344 393 343 
347 343 394 
341 337 394 
394 340 341 
396 395 379 
379 380 396 
395 397 383 
383 379 395 
397 398 385 
385 383 397 
385 398 399 
399 387 385 
387 399 400 
400 389 387 
389 400 401 
401 391 389 
364 365 352 
352 353 364 
365 368 355 
355 352 365 
355 368 370 
370 357 355 
370 372 359 
359 357 370 
359 372 374 
374 361 359 
361 374 376 
376 363 361 
402 332 333 
333 403 402 
403 333 336 
336 404 403 
405 344 345 
345 406 405 
406 345 348 
348 407 406 
408 338 339 
339 409 408 
409 339 342 
342 410 409 
404 336 392 
392 411 404 
412 393 344 
344 405 412 
416 415 414 
414 413 416 
415 418 417 
417 414 415 
416 413 419 
420 417 418 
350 351 395 
395 396 350 
351 354 397 
397 395 351 
354 356 398 
398 397 354 
398 356 358 
358 399 398 
399 358 360 
360 400 399 
400 360 362 
362 401 400 
394 343 340 
421 423 422 
424 423 421 
425 423 426 
422 423 425 
430 429 428 
428 427 430 
429 432 431 
431 428 429 
434 433 431 
431 432 434 
436 435 433 
433 434 436 
436 438 437 
437 435 436 
438 440 439 
439 437 438 
444 443 442 
442 441 444 
448 447 446 
446 445 448 
451 450 449 
449 452 451 
451 454 453 
453 450 451 
454 456 455 
455 453 454 
458 457 441 
441 442 458 
452 460 459 
459 451 452 
451 459 461 
461 454 451 
461 462 456 
456 454 461 
458 464 463 
463 457 458 
460 466 465 
465 459 460 
459 465 467 
467 461 459 
467 468 462 
462 461 467 
464 470 469 
469 463 464 
471 465 466 
466 472 471 
473 467 465 
465 471 473 
474 468 467 
467 473 474 
445 469 470 
470 448 445 
449 450 429 
429 430 449 
429 450 453 
453 432 429 
432 453 455 
455 434 432 
478 477 476 
476 475 478 
436 480 479 
479 438 436 
479 481 440 
440 438 479 
482 442 443 
443 483 482 
486 485 484 
484 487 486 
486 489 488 
488 485 486 
489 483 443 
443 488 489 
483 476 477 
477 482 483 
487 491 490 
490 486 487 
486 490 492 
492 489 486 
489 492 476 
476 483 489 
493 495 494 
493 494 496 
493 496 497 
493 497 498 
493 500 499 
493 499 495 
503 502 501 
501 504 503 
506 505 502 
502 503 506 
508 507 505 
505 506 508 
510 509 507 
507 508 510 
513 512 511 
511 514 513 
504 501 512 
512 513 504 
515 503 504 
504 516 515 
517 506 503 
503 515 517 
518 508 506 
506 517 518 
519 510 508 
508 518 519 
520 513 514 
514 521 520 
516 504 513 
513 520 516 
433 523 522 
522 431 433 
435 524 523 
523 433 435 
437 525 524 
524 435 437 
439 526 525 
525 437 439 
428 528 527 
527 427 428 
431 522 528 
528 428 431 
515 516 530 
530 529 515 
517 515 529 
529 531 517 
518 517 531 
531 532 518 
519 518 532 
532 533 519 
520 521 535 
535 534 520 
516 520 534 
534 530 516 
529 530 522 
522 523 529 
531 529 523 
523 524 531 
532 531 524 
524 525 532 
533 532 525 
525 526 533 
534 535 527 
527 528 534 
530 534 528 
528 522 530 
538 537 536 
536 539 538 
542 541 540 
540 543 542 
546 545 544 
544 547 546 
550 549 548 
548 551 550 
552 539 536 
536 553 552 
552 553 544 
544 554 552 
555 543 540 
540 556 555 
557 553 536 
536 537 557 
557 547 544 
544 553 557 
555 556 548 
548 549 555 
558 556 540 
540 541 558 
558 551 548 
548 556 558 
561 560 559 
559 562 561 
547 565 564 
564 563 547 
559 560 566 
566 557 559 
566 565 547 
547 557 566 
560 561 567 
567 568 560 
564 565 549 
549 550 564 
568 566 560 
549 565 566 
566 555 549 
566 568 543 
543 555 566 
567 542 543 
543 568 567 
557 537 559 
562 559 537 
537 538 562 
571 572 569 
569 570 571 
573 574 572 
572 616 573 
570 569 575 
575 576 570 
579 580 577 
577 578 579 
574 573 581 
581 582 574 
579 578 583 
583 584 579 
584 583 585 
585 586 584 
572 574 582 
582 587 572 
569 572 587 
587 575 569 
575 586 588 
588 576 575 
580 579 582 
582 581 580 
582 579 584 
584 587 582 
587 584 586 
586 575 587 
590 583 578 
578 589 590 
590 591 585 
585 583 590 
577 592 589 
589 578 577 
593 588 586 
586 585 593 
591 594 593 
593 585 591 
611 610 595 
595 596 611 
573 616 596 
596 597 573 
610 612 598 
598 595 610 
599 600 577 
577 580 599 
597 601 581 
581 573 597 
599 602 603 
603 600 599 
602 604 605 
605 603 602 
596 606 601 
601 597 596 
595 598 606 
606 596 595 
598 612 613 
613 604 598 
580 581 601 
601 599 580 
601 606 602 
602 599 601 
606 598 604 
604 602 606 
607 608 600 
600 603 607 
607 603 605 
605 609 607 
577 600 608 
608 592 577 
614 605 604 
604 613 614 
609 605 614 
614 615 609 
v monster pntww 617
0.663862 1.545317 0.064857  0.276267 0 0.961081  0.136148 0.051525  9 0 0 0  1 0 0 0 
0.609869 1.545317 0.00051  -0.898508 -0 -0.438958  0.074128 0.059757  9 0 0 0  1 0 0 0 
0.564475 1.503317 0.093426  0.276267 0 0.961081  0.109254 0.086652  9 0 0 0  1 0 0 0 
0.609869 1.461318 0.00051  -0.311121 -0.913812 0.26106  0.08236 0.121778  9 0 0 0  1 0 0 0 
0.663862 1.461318 0.064857  0.276267 0 0.961081  0.144381 0.113546  9 0 0 0  1 0 0 0 
0.606888 1.681507 -0.013011  -0.933346 0.000001 0.358979  0.136148 0.051525  9 0 0 0  1 0 0 0 
0.666285 1.681507 -0.072407  0.358978 -0.000001 -0.933346  0.074128 0.059757  9 0 0 0  1 0 0 0 
0.569766 1.639508 -0.10953  -0.933346 0.000001 0.358979  0.109254 0.086652  9 0 0 0  1 0 0 0 
0.666284 1.597508 -0.072407  -0.287183 -0.913811 -0.287185  0.08236 0.121778  9 0 0 0  1 0 0 0 
0.606888 1.597508 -0.013011  -0.933346 0.000001 0.358979  0.144381 0.113546  9 0 0 0  1 0 0 0 
0.675927 0.552022 -0.002709  0.000001 -1 0.000001  0.104438 0.983991  9 0 0 0  1 0 0 0 
0.675927 0.552022 -0.002709  0.000001 -1 0.000001  0.054833 0.977965  9 0 0 0  1 0 0 0 
0.70917 0.641861 -0.002709  0.91567 0.401932 0.000001  0.108379 0.938373  9 0 0 0  1 0 0 0 
0.675927 0.641861 -0.035952  0 0.40193 -0.91567  0.031036 0.928191  9 0 0 0  1 0 0 0 
0.642684 0.641861 -0.002709  -0.91567 0.401931 -0.000002  0.05716 0.930741  9 0 0 0  1 0 0 0 
0.675927 0.641861 0.030534  -0.000001 0.401931 0.91567  0.083674 0.935492  9 0 0 0  1 0 0 0 
0.70917 0.905227 -0.002709  0.993793 -0.111248 0.000001  0.153565 0.658992  9 0 0 0  1 0 0 0 
0.675927 0.905227 -0.035952  -0 -0.111248 -0.993793  0.066686 0.648236  9 0 0 0  1 0 0 0 
0.642684 0.905227 -0.002709  -0.993793 -0.111248 0  0.095423 0.649887  9 0 0 0  1 0 0 0 
0.675927 0.905227 0.030534  -0.000001 -0.111248 0.993793  0.124682 0.654039  9 0 0 0  1 0 0 0 
0.810479 1.375686 -0.002709  0.999178 -0.040542 -0  0.222385 0.386064  9 0 0 0  1 0 0 0 
0.675927 1.375686 -0.137261  -0 -0.040541 -0.999178  0.022611 0.360321  9 0 0 0  1 0 0 0 
0.541375 1.375686 -0.002709  -0.999178 -0.040541 0  0.091747 0.368803  9 0 0 0  1 0 0 0 
0.675927 1.375686 0.131843  0 -0.040542 0.999178  0.156581 0.377724  9 0 0 0  1 0 0 0 
0.675927 1.760348 -0.002709  0 1 0  0.145689 0.166124  9 0 0 0  1 0 0 0 
0.675927 0.641861 -0.035952  0 0.40193 -0.91567  0.134851 0.943795  9 0 0 0  1 0 0 0 
0.675927 0.905227 -0.035952  -0 -0.111248 -0.993793  0.179881 0.665649  9 0 0 0  1 0 0 0 
0.675927 1.375686 -0.137261  -0 -0.040541 -0.999178  0.291507 0.396062  9 0 0 0  1 0 0 0 
0.675927 1.760348 -0.002709  0 1 0  0.219799 0.175551  9 0 0 0  1 0 0 0 
0.767809 1.715054 -0.002709  0.868256 0.496115 -0  0.219598 0.214142  9 0 0 0  1 0 0 0 
0.675927 1.715055 -0.094591  -0.000001 0.496116 -0.868256  0.258111 0.198314  9 0 0 0  1 0 0 0 
0.675927 1.715055 -0.094591  -0.000001 0.496116 -0.868256  0.102327 0.179217  9 0 0 0  1 0 0 0 
0.584045 1.715054 -0.002709  -0.868257 0.496116 -0  0.1368 0.204058  9 0 0 0  1 0 0 0 
0.675927 1.715054 0.089173  -0 0.496116 0.868257  0.179806 0.196436  9 0 0 0  1 0 0 0 
0.739287 0.60562 -0.002709  0.997648 -0.068545 -0.000001  0.108458 0.953641  9 0 0 0  1 0 0 0 
0.675927 0.60562 -0.066069  -0 -0.068548 -0.997648  0.13049 0.965857  9 0 0 0  1 0 0 0 
0.675927 0.60562 -0.066069  -0 -0.068548 -0.997648  0.033769 0.95324  9 0 0 0  1 0 0 0 
0.612567 0.60562 -0.002709  -0.997648 -0.068545 -0  0.058937 0.946829  9 0 0 0  1 0 0 0 
0.675927 0.60562 0.060651  0.000001 -0.068546 0.997648  0.08257 0.960449  9 0 0 0  1 0 0 0 
0.68571 1.545317 -0.076141  -0.358978 0.000001 -0.933346  0.136148 0.051525  9 0 0 0  1 0 0 0 
0.745106 1.545317 -0.016745  0.933346 -0.000001 0.358979  0.074128 0.059757  9 0 0 0  1 0 0 0 
0.782229 1.503317 -0.113263  -0.358978 0.000001 -0.933346  0.109254 0.086652  9 0 0 0  1 0 0 0 
0.745106 1.461318 -0.016745  0.287184 -0.913811 -0.287184  0.08236 0.121778  9 0 0 0  1 0 0 0 
0.68571 1.461318 -0.076141  -0.358978 0.000001 -0.933346  0.144381 0.113546  9 0 0 0  1 0 0 0 
0.74884 1.681507 0.002681  0.933345 0 -0.358979  0.136148 0.051525  9 0 0 0  1 0 0 0 
0.689444 1.681507 0.062077  -0.358978 -0 0.933346  0.074128 0.059757  9 0 0 0  1 0 0 0 
0.785963 1.639508 0.0992  0.933345 0 -0.358979  0.109254 0.086652  9 0 0 0  1 0 0 0 
0.689444 1.597508 0.062077  0.287183 -0.913811 0.287185  0.08236 0.121778  9 0 0 0  1 0 0 0 
0.74884 1.597508 0.002681  0.933345 0 -0.358979  0.144381 0.113546  9 0 0 0  1 0 0 0 
0.044157 1.289085 0.330003  0.958905 0.17495 0.223369  0.052063 0.117405  4 0 0 0  1 0 0 0 
0.013644 1.323233 0.305555  0.289627 0.918832 -0.268075  0.019869 0.133412  4 0 0 0  1 0 0 0 
-0.000002 1.37121 0.455252  0 0.550471 0.834854  0.047842 0.146705  4 0 0 0  1 0 0 0 
-0.035728 1.31019 0.314893  -0.764919 0.638757 -0.083  0.027148 0.169614  4 0 0 0  1 0 0 0 
-0.035728 1.26798 0.345113  -0.786691 -0.302136 0.538359  0.067071 0.171744  4 0 0 0  1 0 0 0 
0.013644 1.254937 0.354452  0.303079 -0.603679 0.73737  0.077575 0.141845  4 0 0 0  1 0 0 0 
0.229281 0.283904 -0.026324  0.99396 0.100356 -0.044416  0.459991 0.979588  15 0 0 0  1 0 0 0 
0.162126 0.29233 -0.156182  0.646762 0.085756 -0.757856  0.583678 0.979588  15 0 0 0  1 0 0 0 
0.15126 0.447311 -0.147396  0.642377 0.112916 -0.758024  0.583678 0.911831  15 0 0 0  1 0 0 0 
0.213913 0.434957 -0.026324  0.993726 0.111564 0.007938  0.459991 0.911831  15 0 0 0  1 0 0 0 
-0.000001 0.275258 -0.209971  -0.004828 0.06996 -0.997538  0.726068 0.979588  15 0 0 0  1 0 0 0 
-0.000001 0.452428 -0.197545  -0.000315 0.121646 -0.992573  0.726068 0.911831  15 0 0 0  1 0 0 0 
-0.000001 0.301251 0.157323  -0 0.111607 0.993752  0.207994 0.979588  15 0 0 0  1 0 0 0 
0.162126 0.322096 0.103534  0.658265 0.123032 0.742665  0.328194 0.979588  15 0 0 0  1 0 0 0 
0.15126 0.422602 0.094748  0.627713 0.14556 0.764714  0.328194 0.911831  15 0 0 0  1 0 0 0 
-0.000001 0.417485 0.144898  0 0.148735 0.988877  0.207994 0.911831  15 0 0 0  1 0 0 0 
0.145226 0.532998 -0.136766  0.571764 0.568493 -0.591524  0.583678 0.864916  15 0 0 0  1 0 0 0 
0.205382 0.516418 -0.026324  0.84635 0.529892 0.053898  0.459991 0.864916  15 0 0 0  1 0 0 0 
-0.000001 0.539865 -0.182513  -0.000001 0.647045 -0.762452  0.726068 0.864916  15 0 0 0  1 0 0 0 
0.145226 0.499838 0.084119  0.531969 0.530526 0.659963  0.328194 0.864916  15 0 0 0  1 0 0 0 
-0.000001 0.492971 0.129865  -0 0.589948 0.807441  0.207994 0.864916  15 0 0 0  1 0 0 0 
0.126923 0.540935 -0.133028  0.244801 0.814581 -0.525862  0.583678 0.829017  15 2 0 0  0.5 0.5 0 0 
0.178622 0.527418 -0.021903  0.399409 0.898521 0.182024  0.459991 0.829017  15 2 0 0  0.5 0.5 0 0 
-0.000001 0.545689 -0.156062  -0.000001 0.971743 -0.236042  0.726068 0.829017  15 2 0 0  0.5 0.5 0 0 
0.118593 0.508533 0.081719  0.192921 0.742848 0.64106  0.328194 0.829017  15 2 0 0  0.5 0.5 0 0 
-0.000001 0.500872 0.109288  -0.000001 0.924545 0.381074  0.207994 0.829017  15 2 0 0  0.5 0.5 0 0 
0.196401 0.014676 0.177756  0.800505 0.156055 0.578653  0.414564 0.208228  19 0 0 0  1 0 0 0 
0.192892 -0.001742 0.172231  0.597184 -0.713892 0.365691  0.418681 0.201799  19 0 0 0  1 0 0 0 
0.044312 0.014676 0.177756  -0.912017 -0.089472 0.400274  0.331419 0.25711  19 0 0 0  1 0 0 0 
0.047821 -0.001742 0.172231  -0.664518 -0.724317 0.183795  0.323679 0.257286  19 0 0 0  1 0 0 0 
-0.000001 0.455638 -0.026324  -0.597828 -0.798163 -0.074417  0.25077 0.630175  4 0 0 0  1 0 0 0 
0.229281 0.283904 -0.026324  -0.597828 -0.798163 -0.074417  0.258095 0.678991  15 0 0 0  1 0 0 0 
0.162126 0.29233 -0.156182  -0.155446 -0.704753 0.692214  0.223532 0.670595  15 0 0 0  1 0 0 0 
-0.000001 0.275258 -0.209971  -0.155446 -0.704753 0.692214  0.20357 0.64106  15 0 0 0  1 0 0 0 
-0.000001 0.301251 0.157323  -0.114323 -0.760434 -0.639273  0.300717 0.628084  15 0 0 0  1 0 0 0 
0.162126 0.322096 0.103534  -0.597828 -0.798163 -0.074417  0.289254 0.66184  15 0 0 0  1 0 0 0 
0.175617 -0.001446 -0.027945  0.601238 -0.708172 -0.370144  0.566957 0.11451  19 0 0 0  1 0 0 0 
0.179156 -0.001467 0.018654  0.585811 -0.808185 -0.060524  0.538649 0.115481  19 0 0 0  1 0 0 0 
0.065096 -0.001467 0.018654  -0.630538 -0.775197 -0.038611  0.540138 0.059824  19 0 0 0  1 0 0 0 
0.065096 -0.001446 -0.027946  -0.623566 -0.700829 -0.346415  0.5684 0.06058  19 0 0 0  1 0 0 0 
0.192892 -0.001742 0.172231  0.597184 -0.713892 0.365691  0.445326 0.119691  19 0 0 0  1 0 0 0 
0.047821 -0.001742 0.172231  -0.664518 -0.724317 0.183795  0.447221 0.048901  19 0 0 0  1 0 0 0 
0.120356 -0.001468 -0.05541  -0 -0.736902 -0.676  0.584336 0.087991  19 0 0 0  1 0 0 0 
0.076794 -0.001733 0.202229  -0.206805 -0.741535 0.638246  0.428649 0.062552  19 0 0 0  1 0 0 0 
0.120356 0.014963 -0.060898  -0.000001 -0.14441 -0.989518  0.182016 0.108548  19 0 0 0  1 0 0 0 
0.062423 0.014986 -0.032104  -0.832667 -0.122505 -0.540054  0.232204 0.134033  19 0 0 0  1 0 0 0 
0.062423 0.057494 -0.031013  -0.854989 0.13898 -0.499678  0.244874 0.116334  19 0 0 0  1 0 0 0 
0.120357 0.051854 -0.060199  0.000001 0.038406 -0.999262  0.192652 0.090493  19 0 0 0  1 0 0 0 
0.062423 0.014964 0.01675  -0.994758 -0.08594 -0.055413  0.265723 0.158617  19 0 0 0  1 0 0 0 
0.062423 0.062631 0.012951  -0.930767 0.339594 0.135456  0.279206 0.141977  19 0 0 0  1 0 0 0 
0.044312 0.014676 0.177756  -0.912017 -0.089472 0.400274  0.336974 0.258723  19 0 0 0  1 0 0 0 
0.076794 0.014685 0.208793  -0.234029 -0.100288 0.967043  0.364413 0.263922  19 0 0 0  1 0 0 0 
0.076794 0.044287 0.204968  -0.222341 0.626262 0.747235  0.361229 0.256125  19 0 0 0  1 0 0 0 
0.044312 0.033641 0.17191  -0.850273 0.473231 0.230407  0.334695 0.249303  19 0 0 0  1 0 0 0 
0.196401 0.014676 0.177756  0.800505 0.156055 0.578653  0.414737 0.21077  19 0 0 0  1 0 0 0 
0.179824 0.033641 0.17191  0.493239 0.748652 0.442984  0.401897 0.208896  19 0 0 0  1 0 0 0 
0.184468 0.014964 0.01675  0.998975 0.001472 -0.04525  0.365084 0.103143  19 0 0 0  1 0 0 0 
0.17829 0.014986 -0.032104  0.803189 -0.131645 -0.580996  0.360853 0.063873  19 0 0 0  1 0 0 0 
0.17829 0.057494 -0.031013  0.877863 0.205037 -0.4328  0.340209 0.065815  19 0 0 0  1 0 0 0 
0.164974 0.062632 0.012951  0.863798 0.428781 0.264576  0.341192 0.107108  19 0 0 0  1 0 0 0 
0.114755 0.248083 -0.011554  0.002389 0.089258 -0.996006  0.762629 0.825126  18 0 0 0  1 0 0 0 
0.084548 0.244624 0.006494  -0.876366 -0.009404 -0.481553  0.801257 0.825126  18 0 0 0  1 0 0 0 
0.081504 0.267627 0.005668  -0.854253 -0.15811 -0.495229  0.801257 0.813028  18 17 0 0  0.5 0.5 0 0 
0.114461 0.271516 -0.012802  -0.000834 -0.175047 -0.98456  0.762629 0.813028  18 17 0 0  0.5 0.5 0 0 
0.084548 0.231422 0.03746  -0.872248 -0.120241 0.474053  0.832145 0.825126  18 0 0 0  1 0 0 0 
0.081504 0.259009 0.042608  -0.851047 -0.11538 0.512257  0.832145 0.813028  18 17 0 0  0.5 0.5 0 0 
0.114756 0.2223 0.055508  0.051659 -0.166704 0.984653  0.866515 0.825126  18 0 0 0  1 0 0 0 
0.114461 0.254278 0.061078  0.042245 -0.099145 0.994176  0.866515 0.813028  18 17 0 0  0.5 0.5 0 0 
0.139156 0.231422 0.03746  0.855025 -0.121367 0.504186  0.905721 0.825126  18 0 0 0  1 0 0 0 
0.141607 0.25817 0.042608  0.834684 -0.098715 0.54181  0.905721 0.813028  18 17 0 0  0.5 0.5 0 0 
0.144963 0.244624 0.006494  0.917795 -0.013506 -0.396825  0.936896 0.825126  18 0 0 0  1 0 0 0 
0.147414 0.266789 0.005668  0.897404 -0.134353 -0.420256  0.936896 0.813028  18 17 0 0  0.5 0.5 0 0 
0.114196 0.2925 -0.018299  -0.004667 -0.198743 -0.980041  0.762629 0.75912  17 0 0 0  1 0 0 0 
0.078778 0.293297 0.000548  -0.850181 -0.13702 -0.508348  0.801257 0.75912  17 0 0 0  1 0 0 0 
0.074519 0.452211 -0.021856  -0.819074 -0.092095 -0.566248  0.801257 0.663613  17 0 0 0  1 0 0 0 
0.116861 0.452265 -0.040704  0.022769 -0.13921 -0.990001  0.762629 0.663613  17 0 0 0  1 0 0 0 
0.078778 0.293297 0.041594  -0.858572 -0.030334 0.511796  0.832145 0.75912  17 0 0 0  1 0 0 0 
0.074519 0.452211 0.039847  -0.842829 -0.016673 0.537924  0.832145 0.663613  17 0 0 0  1 0 0 0 
0.114196 0.2925 0.060442  0.035932 0.006402 0.999334  0.866515 0.75912  17 0 0 0  1 0 0 0 
0.116861 0.452266 0.058694  0.129263 0.014244 0.991508  0.866515 0.663613  17 0 0 0  1 0 0 0 
0.143801 0.291707 0.041594  0.843825 -0.021318 0.536195  0.905721 0.75912  17 0 0 0  1 0 0 0 
0.146524 0.452298 0.034032  0.875959 0.006238 0.482344  0.905721 0.663613  17 0 0 0  1 0 0 0 
0.149609 0.291707 0.000548  0.883217 -0.130048 -0.450572  0.936896 0.75912  17 0 0 0  1 0 0 0 
0.155207 0.452298 -0.021856  0.866 -0.094639 -0.491007  0.936896 0.663613  17 0 0 0  1 0 0 0 
0.072081 0.085938 -0.027959  -0.839463 0.282636 -0.464132  0.801257 0.9302  19 18 0 0  0.5 0.5 0 0 
0.120356 0.102425 -0.057269  0.013709 0.236883 -0.971442  0.762629 0.9302  19 18 0 0  0.5 0.5 0 0 
0.072081 0.085223 0.010861  -0.873163 0.257529 0.413843  0.832145 0.9302  17 0 0 0  1 0 0 0 
0.120356 0.076432 0.057231  0.05558 0.915322 0.39887  0.866515 0.980006  19 0 0 0  1 0 0 0 
0.120356 0.090683 0.044577  0.074361 0.381464 0.921388  0.866515 0.9302  19 18 0 0  0.5 0.5 0 0 
0.15947 0.085224 0.010861  0.860023 0.211656 0.464287  0.905721 0.9302  17 0 0 0  1 0 0 0 
0.168631 0.085938 -0.027959  0.887977 0.311219 -0.338586  0.936896 0.9302  19 18 0 0  0.5 0.5 0 0 
0.084131 0.180388 -0.008351  -0.875737 0.165706 -0.453461  0.801257 0.870796  18 0 0 0  1 0 0 0 
0.114756 0.186013 -0.028508  -0.010944 0.293741 -0.955822  0.762629 0.870796  18 0 0 0  1 0 0 0 
0.084131 0.169262 0.024958  -0.87937 -0.018684 0.475772  0.832145 0.870796  18 0 0 0  1 0 0 0 
0.114756 0.162564 0.045606  0.038293 -0.0915 0.995069  0.866515 0.870796  18 0 0 0  1 0 0 0 
0.139001 0.169262 0.024959  0.856003 0.013803 0.516786  0.905721 0.870796  18 0 0 0  1 0 0 0 
0.145381 0.180388 -0.008351  0.908914 0.201103 -0.365284  0.936896 0.870796  18 0 0 0  1 0 0 0 
0.120356 -0.001468 -0.05541  -0 -0.736902 -0.676  0.179186 0.119757  19 0 0 0  1 0 0 0 
0.065096 -0.001446 -0.027946  -0.623566 -0.700829 -0.346415  0.229417 0.142797  19 0 0 0  1 0 0 0 
0.065096 -0.001467 0.018654  -0.630538 -0.775197 -0.038611  0.26174 0.164625  19 0 0 0  1 0 0 0 
0.179156 -0.001467 0.018654  0.585811 -0.808185 -0.060524  0.372596 0.102357  19 0 0 0  1 0 0 0 
0.175617 -0.001446 -0.027945  0.601238 -0.708172 -0.370144  0.369447 0.065561  19 0 0 0  1 0 0 0 
0.047821 -0.001742 0.172231  -0.664518 -0.724317 0.183795  0.335228 0.266527  19 0 0 0  1 0 0 0 
0.076794 -0.001733 0.202229  -0.206805 -0.741535 0.638246  0.36562 0.268999  19 0 0 0  1 0 0 0 
0.192892 -0.001742 0.172231  0.597184 -0.713892 0.365691  0.419817 0.217189  19 0 0 0  1 0 0 0 
0.062423 0.057494 -0.031013  -0.854989 0.13898 -0.499678  0.801257 0.980006  19 0 0 0  1 0 0 0 
0.120357 0.051854 -0.060199  0.000001 0.038406 -0.999262  0.762629 0.980006  19 0 0 0  1 0 0 0 
0.062423 0.062631 0.012951  -0.930767 0.339594 0.135456  0.832145 0.980006  19 0 0 0  1 0 0 0 
0.17829 0.057494 -0.031013  0.877863 0.205037 -0.4328  0.936896 0.980006  19 0 0 0  1 0 0 0 
0.164974 0.062632 0.012951  0.863798 0.428781 0.264576  0.905721 0.980006  19 0 0 0  1 0 0 0 
0.120356 0.076432 0.057231  0.05558 0.915322 0.39887  0.329484 0.150315  19 0 0 0  1 0 0 0 
0.120356 0.014963 -0.060898  -0.000001 -0.14441 -0.989518  0.364165 0.010366  19 0 0 0  1 0 0 0 
0.120357 0.051854 -0.060199  0.000001 0.038406 -0.999262  0.344177 0.010391  19 0 0 0  1 0 0 0 
0.120356 -0.001468 -0.05541  -0 -0.736902 -0.676  0.374726 0.01346  19 0 0 0  1 0 0 0 
0.114755 0.248083 -0.011554  0.002389 0.089258 -0.996006  0.985054 0.825126  18 0 0 0  1 0 0 0 
0.116861 0.452265 -0.040704  0.022769 -0.13921 -0.990001  0.985054 0.663613  17 0 0 0  1 0 0 0 
0.120356 0.102425 -0.057269  0.013709 0.236883 -0.971442  0.985054 0.9302  19 18 0 0  0.5 0.5 0 0 
0.114756 0.186013 -0.028508  -0.010944 0.293741 -0.955822  0.985054 0.870796  18 0 0 0  1 0 0 0 
0.120357 0.051854 -0.060199  0.000001 0.038406 -0.999262  0.985054 0.980006  19 0 0 0  1 0 0 0 
0.114461 0.271516 -0.012802  -0.000834 -0.175047 -0.98456  0.985054 0.813028  18 17 0 0  0.5 0.5 0 0 
0.114196 0.2925 -0.018299  -0.004667 -0.198743 -0.980041  0.985054 0.75912  17 0 0 0  1 0 0 0 
0.483424 0.69775 0.01539  -0.135057 -0.93361 0.331862  0.545478 0.385439  9 8 0 0  0.5 0.5 0 0 
0.483424 0.703771 -0.049831  -0.19924 -0.793653 -0.574821  0.513369 0.378018  9 8 0 0  0.5 0.5 0 0 
0.569199 0.668943 -0.015486  -0.07746 -0.996059 0.043203  0.544034 0.33198  9 0 0 0  1 0 0 0 
0.483424 0.777027 -0.084617  -0.264646 0.279098 -0.923074  0.472806 0.374742  9 8 0 0  0.5 0.5 0 0 
0.483424 0.806185 0.036881  -0.155534 0.71615 0.680396  0.40577 0.38625  9 8 0 0  0.5 0.5 0 0 
0.554806 0.811611 0.039281  -0.247838 0.422672 0.871737  0.395664 0.352072  9 0 0 0  1 0 0 0 
0.483424 0.735725 0.059487  -0.088351 -0.228802 0.969455  0.37143 0.398795  9 8 0 0  0.5 0.5 0 0 
0.554806 0.710797 0.05546  0.094028 -0.4402 0.892963  0.349876 0.369917  9 0 0 0  1 0 0 0 
0.62833 0.668943 -0.028327  0.248616 -0.948446 0.196569  0.538627 0.295123  9 0 0 0  1 0 0 0 
0.62833 0.853465 -0.028327  0.416147 0.880314 -0.227745  0.421185 0.302825  9 0 0 0  1 0 0 0 
0.601184 0.811611 0.041249  0.53573 -0.40836 0.739077  0.386897 0.330089  9 0 0 0  1 0 0 0 
0.601184 0.710797 0.041249  0.561498 -0.351511 0.749106  0.33958 0.349282  9 0 0 0  1 0 0 0 
0.647752 0.698758 0.049653  -0.679649 -0.72206 -0.129255  0.526709 0.174567  9 0 0 0  1 0 0 0 
0.647159 0.740612 0.070565  -0.705017 -0.162944 0.690217  0.497506 0.166323  9 0 0 0  1 0 0 0 
0.647159 0.784662 0.070565  -0.692871 0.19398 0.694479  0.462574 0.169011  9 0 0 0  1 0 0 0 
0.647752 0.818385 0.049653  -0.665287 0.723219 -0.185331  0.436196 0.179911  9 0 0 0  1 0 0 0 
0.62833 0.710797 -0.10082  -0.028107 -0.487025 -0.872936  0.499843 0.306  9 0 0 0  1 0 0 0 
0.711819 0.716578 -0.091543  0.477605 -0.435059 -0.763293  0.497483 0.277054  9 0 0 0  1 0 0 0 
0.695885 0.674724 -0.022939  0.053759 -0.941962 0.331386  0.533458 0.259411  9 0 0 0  1 0 0 0 
0.62833 0.800813 -0.10082  -0.059252 0.446225 -0.892957  0.459445 0.306501  9 0 0 0  1 0 0 0 
0.711819 0.799656 -0.091543  0.479535 0.445639 -0.755944  0.462202 0.274706  9 0 0 0  1 0 0 0 
0.695885 0.833603 -0.022939  0.095697 0.90103 0.423068  0.427417 0.263502  9 0 0 0  1 0 0 0 
0.771459 0.727903 -0.002397  0.942306 -0.327492 -0.069348  0.496003 0.236338  9 0 0 0  1 0 0 0 
0.721037 0.674724 0.003422  -0.050999 -0.998669 -0.007753  0.532009 0.234592  9 0 0 0  1 0 0 0 
0.771459 0.791749 -0.002397  0.921362 0.384638 -0.05609  0.467131 0.233904  9 0 0 0  1 0 0 0 
0.721037 0.833603 0.003422  -0.102411 0.993559 0.048511  0.43359 0.237742  9 0 0 0  1 0 0 0 
0.731432 0.716578 0.07639  0.442449 -0.385064 0.809917  0.504895 0.203876  9 0 0 0  1 0 0 0 
0.70897 0.674724 0.040022  -0.188498 -0.98017 0.061111  0.53119 0.209968  9 0 0 0  1 0 0 0 
0.731432 0.791749 0.07639  0.466874 0.354684 0.810079  0.468688 0.201573  9 0 0 0  1 0 0 0 
0.70897 0.833603 0.040022  -0.098743 0.995071 -0.009096  0.437158 0.212157  9 0 0 0  1 0 0 0 
0.637794 0.89856 0.095197  -0.060131 0.60335 0.795206  0.96356 0.615349  9 0 0 0  1 0 0 0 
0.643479 0.866497 0.095698  0.371148 -0.39762 0.839135  0.948768 0.614349  9 0 0 0  1 0 0 0 
0.670057 0.889824 0.058314  0.983722 0.163291 -0.075012  0.989339 0.608211  9 0 0 0  1 0 0 0 
0.651335 0.909873 0.073351  0.27737 0.94119 0.192944  0.976001 0.613058  9 0 0 0  1 0 0 0 
0.64658 0.869367 0.009567  0.793455 0.246264 -0.556581  0.990672 0.582006  9 0 0 0  1 0 0 0 
0.619682 0.835616 0.065064  0.329895 -0.793324 0.51167  0.936508 0.595396  9 0 0 0  1 0 0 0 
0.604711 0.875409 0.027845  -0.473637 0.868011 -0.149081  0.969663 0.579888  9 0 0 0  1 0 0 0 
0.591514 0.852367 0.068363  -0.717744 0.094331 0.689888  0.948766 0.587062  9 0 0 0  1 0 0 0 
0.087103 0.741668 -0.000994  -1 -0.000002 -0  0.037286 0.031115  7 0 0 0  1 0 0 0 
0.100121 0.766758 -0.01548  -0.518728 0.744317 -0.42061  0.469867 0.57303  7 0 0 0  1 0 0 0 
0.100121 0.741668 -0.029966  -0.527771 -0.000002 -0.849387  0.485925 0.570825  7 0 0 0  1 0 0 0 
0.100121 0.766758 0.013492  -0.516804 0.744447 0.422744  0.033874 0.045529  7 0 0 0  1 0 0 0 
0.100121 0.741668 0.027979  -0.523785 -0 0.85185  0.023593 0.036763  7 0 0 0  1 0 0 0 
0.100121 0.716577 0.013493  -0.516802 -0.744448 0.422745  0.024705 0.023298  7 0 0 0  1 0 0 0 
0.100121 0.716577 -0.01548  -0.518726 -0.744321 -0.420607  0.044807 0.018355  7 0 0 0  1 0 0 0 
0.200951 0.773698 -0.023741  -0.094172 0.85871 -0.503735  0.464748 0.521471  7 0 0 0  1 0 0 0 
0.200951 0.741668 -0.042234  -0.109496 0.00351 -0.993981  0.485676 0.518938  7 0 0 0  1 0 0 0 
0.200951 0.773698 0.020794  -0.099583 0.86163 0.497672  0.440416 0.527457  7 0 0 0  1 0 0 0 
0.200951 0.741668 0.039287  -0.110149 -0.005508 0.9939  0.422406 0.5329  7 0 0 0  1 0 0 0 
0.200951 0.709637 0.020794  -0.091477 -0.85993 0.502147  0.4051 0.540301  7 0 0 0  1 0 0 0 
0.200951 0.709637 -0.023741  -0.097983 -0.860505 -0.49993  0.504303 0.520013  7 0 0 0  1 0 0 0 
0.314878 0.782577 -0.028165  -0.262746 0.84595 -0.46404  0.457382 0.464224  7 0 0 0  1 0 0 0 
0.315262 0.741682 -0.054679  -0.252048 0.003833 -0.967707  0.485975 0.46064  7 0 0 0  1 0 0 0 
0.309104 0.782575 0.02486  -0.120997 0.857108 0.500724  0.427378 0.473998  7 0 0 0  1 0 0 0 
0.298372 0.741682 0.05137  -0.033543 -0.012168 0.999363  0.405904 0.486517  7 0 0 0  1 0 0 0 
0.309104 0.70079 0.02486  -0.043164 -0.865818 0.498494  0.381326 0.49031  7 0 0 0  1 0 0 0 
0.314878 0.700787 -0.028165  -0.2036 -0.880183 -0.428747  0.510624 0.462549  7 0 0 0  1 0 0 0 
0.375108 0.749253 -0.061366  0.023114 0.069475 -0.997316  0.482589 0.430649  8 0 0 0  1 0 0 0 
0.375491 0.789666 -0.031894  0.011728 0.896531 -0.442825  0.453131 0.433589  8 0 0 0  1 0 0 0 
0.382948 0.789668 0.027053  -0.102823 0.829616 0.548785  0.418098 0.436619  8 0 0 0  1 0 0 0 
0.393696 0.741799 0.056528  -0.066592 -0.02998 0.99733  0.389006 0.440038  8 0 0 0  1 0 0 0 
0.383 0.696353 0.027054  -0.024022 -0.852633 0.521958  0.365918 0.455502  8 0 0 0  1 0 0 0 
0.375491 0.693933 -0.031894  0.064491 -0.894049 -0.443302  0.513801 0.433465  8 0 0 0  1 0 0 0 
0.34592 0.792705 -0.038611  -0.116601 0.847217 -0.518293  0.456919 0.447617  8 7 0 0  0.5 0.5 0 0 
0.345913 0.743766 -0.066188  -0.098054 -0.004602 -0.99517  0.484813 0.445034  8 7 0 0  0.5 0.5 0 0 
0.345969 0.792705 0.019642  -0.086047 0.895217 0.437244  0.426143 0.454413  8 7 0 0  0.5 0.5 0 0 
0.345959 0.741714 0.04722  -0.051285 -0.028824 0.998268  0.397537 0.46365  8 7 0 0  0.5 0.5 0 0 
0.345981 0.697518 0.019643  -0.081396 -0.882881 0.462489  0.37218 0.47371  8 7 0 0  0.5 0.5 0 0 
0.34592 0.693521 -0.038611  -0.096801 -0.848332 -0.520541  0.510064 0.446833  8 7 0 0  0.5 0.5 0 0 
0.62833 0.668943 -0.028327  0.248616 -0.948446 0.196569  0.892803 0.515316  9 0 0 0  1 0 0 0 
0.62833 0.853465 -0.028327  0.416147 0.880314 -0.227745  0.893117 0.59975  9 0 0 0  1 0 0 0 
0.601184 0.811611 0.041249  0.53573 -0.40836 0.739077  0.927208 0.580487  9 0 0 0  1 0 0 0 
0.601184 0.710797 0.041249  0.561498 -0.351511 0.749106  0.927048 0.534349  9 0 0 0  1 0 0 0 
0.647752 0.698758 0.049653  -0.679649 -0.72206 -0.129255  0.799145 0.529293  9 0 0 0  1 0 0 0 
0.647159 0.740612 0.070565  -0.705017 -0.162944 0.690217  0.789635 0.548488  9 0 0 0  1 0 0 0 
0.647159 0.784662 0.070565  -0.692871 0.19398 0.694479  0.789704 0.568656  9 0 0 0  1 0 0 0 
0.647752 0.818385 0.049653  -0.665287 0.723219 -0.185331  0.799345 0.584059  9 0 0 0  1 0 0 0 
0.695885 0.674724 -0.022939  0.053759 -0.941962 0.331386  0.861797 0.51807  9 0 0 0  1 0 0 0 
0.695885 0.833603 -0.022939  0.095697 0.90103 0.423068  0.862067 0.590783  9 0 0 0  1 0 0 0 
0.721037 0.674724 0.003422  -0.050999 -0.998669 -0.007753  0.845119 0.518127  9 0 0 0  1 0 0 0 
0.721037 0.833603 0.003422  -0.102411 0.993559 0.048511  0.845388 0.59085  9 0 0 0  1 0 0 0 
0.70897 0.674724 0.040022  -0.188498 -0.98017 0.061111  0.827477 0.518189  9 0 0 0  1 0 0 0 
0.70897 0.833603 0.040022  -0.098743 0.995071 -0.009096  0.827744 0.590919  9 0 0 0  1 0 0 0 
0.637794 0.89856 0.095197  -0.060131 0.60335 0.795206  0.952882 0.628639  9 0 0 0  1 0 0 0 
0.670057 0.889824 0.058314  0.983722 0.163291 -0.075012  0.930123 0.628651  9 0 0 0  1 0 0 0 
0.651335 0.909873 0.073351  0.27737 0.94119 0.192944  0.942376 0.635993  9 0 0 0  1 0 0 0 
0.64658 0.869367 0.009567  0.793455 0.246264 -0.556581  0.909331 0.61239  9 0 0 0  1 0 0 0 
0.483424 0.69775 0.01539  -0.135057 -0.93361 0.331862  0.34417 0.409182  9 8 0 0  0.5 0.5 0 0 
0.569199 0.668943 -0.015486  -0.07746 -0.996059 0.043203  0.310513 0.375954  9 0 0 0  1 0 0 0 
0.62833 0.668943 -0.028327  0.248616 -0.948446 0.196569  0.295958 0.348772  9 0 0 0  1 0 0 0 
0.200951 0.709637 0.020794  -0.091477 -0.85993 0.502147  0.52652 0.523339  7 0 0 0  1 0 0 0 
0.309104 0.70079 0.02486  -0.043164 -0.865818 0.498494  0.536304 0.469729  7 0 0 0  1 0 0 0 
0.383 0.696353 0.027054  -0.024022 -0.852633 0.521958  0.542689 0.434606  8 0 0 0  1 0 0 0 
0.345981 0.697518 0.019643  -0.081396 -0.882881 0.462489  0.536659 0.451578  8 7 0 0  0.5 0.5 0 0 
0.100121 0.716577 0.013493  -0.516802 -0.744448 0.422745  0.03132 0.017558  7 0 0 0  1 0 0 0 
0.100121 0.766758 0.013492  -0.516804 0.744447 0.422744  0.454207 0.577062  7 0 0 0  1 0 0 0 
0.100121 0.741668 0.027979  -0.523785 -0 0.85185  0.440106 0.58135  7 0 0 0  1 0 0 0 
0.100121 0.716577 0.013493  -0.516802 -0.744448 0.422745  0.426565 0.587174  7 0 0 0  1 0 0 0 
0.100121 0.716577 -0.01548  -0.518726 -0.744321 -0.420607  0.500697 0.571502  7 0 0 0  1 0 0 0 
0.100121 0.716577 0.013493  -0.516802 -0.744448 0.422745  0.515284 0.573645  7 0 0 0  1 0 0 0 
0.569199 0.853465 -0.015486  -0.354552 0.91369 -0.198653  0.967494 0.552387  9 0 0 0  1 0 0 0 
0.554806 0.811611 0.039281  -0.247838 0.422672 0.871737  0.936839 0.561712  9 0 0 0  1 0 0 0 
0.62833 0.853465 -0.028327  0.416147 0.880314 -0.227745  0.993288 0.561912  9 0 0 0  1 0 0 0 
0.483424 0.823578 -0.019893  -0.287119 0.948635 -0.13287  0.434535 0.378959  9 8 0 0  0.5 0.5 0 0 
0.100121 0.766758 -0.01548  -0.518728 0.744317 -0.42061  0.046994 0.042303  7 0 0 0  1 0 0 0 
0.100121 0.741668 -0.029966  -0.527771 -0.000002 -0.849387  0.052037 0.029769  7 0 0 0  1 0 0 0 
0.569199 0.710797 -0.087979  -0.184572 -0.517502 -0.835539  0.503192 0.328757  9 0 0 0  1 0 0 0 
0.569199 0.795605 -0.087979  -0.176954 0.455441 -0.872503  0.461082 0.332449  9 0 0 0  1 0 0 0 
0.569199 0.853465 -0.015486  -0.354552 0.91369 -0.198653  0.417498 0.334507  9 0 0 0  1 0 0 0 
0.109497 0.840632 0.329878  0.306804 -0.928891 0.207443  0.657886 0.370859  4 0 0 0  1 0 0 0 
0.158398 0.861192 0.335214  0.630342 -0.543242 0.554578  0.669722 0.347312  4 0 0 0  1 0 0 0 
-0.000001 0.841132 0.381545  0.000001 -0.172936 0.984933  0.586699 0.396486  4 0 0 0  1 0 0 0 
-0.000002 0.819869 0.371722  -0.000001 -0.8308 0.556571  0.600357 0.41952  4 0 0 0  1 0 0 0 
0.109497 1.273068 0.308146  0.612593 0.600115 0.514385  0.686654 0.107752  4 0 0 0  1 0 0 0 
-0.000002 1.313347 0.34999  -0.000001 0.73399 0.679161  0.63963 0.045963  4 0 0 0  1 0 0 0 
-0.000002 1.177537 0.403688  -0 0.057681 0.998335  0.579512 0.132082  4 0 0 0  1 0 0 0 
0.142246 1.186497 0.342137  0.710251 0.173891 0.682133  0.669904 0.158433  4 0 0 0  1 0 0 0 
0.109498 0.852231 0.076193  0.379799 -0.918225 -0.112323  0.817469 0.400813  4 0 0 0  1 0 0 0 
-0.000001 0.821309 0.055687  0.000001 -0.994072 -0.108728  0.843874 0.48198  4 0 0 0  1 0 0 0 
-0.000002 0.847698 -0.029439  0 -0.692911 -0.721024  0.908024 0.467354  4 0 0 0  1 0 0 0 
0.175295 0.898733 0.012565  0.674154 -0.516996 -0.527477  0.859591 0.337801  4 0 0 0  1 0 0 0 
0.109497 1.273068 0.034304  0.612589 0.638603 -0.465748  0.841197 0.111081  4 0 0 0  1 0 0 0 
0.142246 1.176222 -0.023218  0.679432 0.343112 -0.648572  0.869224 0.170791  4 0 0 0  1 0 0 0 
-0.000002 1.182278 -0.087174  -0.000001 0.263083 -0.964773  0.956744 0.133436  4 0 0 0  1 0 0 0 
-0.000002 1.313347 -0.00754  -0.000001 0.786086 -0.618118  0.888979 0.049472  4 0 0 0  1 0 0 0 
-0.000002 0.837325 0.186919  0.000001 -0.999916 -0.012984  0.722703 0.470269  4 0 0 0  1 0 0 0 
0.147822 0.85953 0.182012  0.484728 -0.874045 -0.032922  0.74849 0.371202  4 0 0 0  1 0 0 0 
0.1909 1.176395 0.157348  0.964496 0.264094 -0.001177  0.768738 0.176375  4 0 0 0  1 0 0 0 
0.147821 1.313348 0.173009  0.716441 0.697488 0.014915  0.762652 0.102521  4 0 0 0  1 0 0 0 
0.235202 0.941962 0.150657  0.970547 -0.23902 -0.03015  0.770391 0.306326  4 0 0 0  1 0 0 0 
-0.000002 1.365136 0.173009  -0.000002 0.999995 0.003107  0.764286 0.00871  4 0 0 0  1 0 0 0 
0.175295 0.942697 0.319216  0.768607 -0.052084 0.637597  0.675705 0.303863  4 0 0 0  1 0 0 0 
0.17174 1.009061 0.329367  0.720971 0.23096 0.653344  0.671082 0.267394  4 0 0 0  1 0 0 0 
-0.000002 0.970972 0.413355  -0 -0.140258 0.990115  0.55315 0.289285  4 0 0 0  1 0 0 0 
-0.000002 0.929845 0.366091  0 -0.345887 0.938276  0.568623 0.334418  4 0 0 0  1 0 0 0 
-0.000002 1.05824 -0.08281  0 -0.105621 -0.994406  0.978104 0.217198  4 0 0 0  1 0 0 0 
0.171293 1.062677 -0.02901  0.719159 0.032597 -0.694081  0.870993 0.235143  4 0 0 0  1 0 0 0 
0.215128 1.046498 0.134242  0.988547 0.147132 -0.033573  0.777963 0.249916  4 0 0 0  1 0 0 0 
-0.000002 1.048933 0.36693  -0 0.170138 0.98542  0.568127 0.226116  4 0 0 0  1 0 0 0 
0.151244 1.060923 0.30529  0.732883 0.205951 0.648433  0.674682 0.233582  4 0 0 0  1 0 0 0 
-0.000001 0.821309 0.055687  0.000001 -0.994072 -0.108728  0.820474 0.487594  4 0 0 0  1 0 0 0 
-0.000002 0.847698 -0.029439  0 -0.692911 -0.721024  0.981412 0.360915  4 0 0 0  1 0 0 0 
-0.229283 0.306025 -0.026324  -0.992627 0.111682 -0.047101  0.459991 0.979588  15 0 0 0  1 0 0 0 
-0.162128 0.286568 -0.156182  -0.625007 0.082771 -0.776218  0.583678 0.979588  15 0 0 0  1 0 0 0 
-0.151261 0.44731 -0.147396  -0.640795 0.113475 -0.759279  0.583678 0.911831  15 0 0 0  1 0 0 0 
-0.213916 0.434956 -0.026324  -0.992865 0.118809 0.010204  0.459991 0.911831  15 0 0 0  1 0 0 0 
-0.000001 0.275258 -0.209971  -0.004828 0.06996 -0.997538  0.726068 0.979588  15 0 0 0  1 0 0 0 
-0.000001 0.452428 -0.197545  -0.000315 0.121646 -0.992573  0.726068 0.911831  15 0 0 0  1 0 0 0 
-0.000001 0.301251 0.157323  -0 0.111607 0.993752  0.207994 0.979588  15 0 0 0  1 0 0 0 
-0.162128 0.322096 0.103534  -0.6417 0.127822 0.756229  0.328194 0.979588  15 0 0 0  1 0 0 0 
-0.151262 0.422602 0.094748  -0.627712 0.145558 0.764716  0.328194 0.911831  15 0 0 0  1 0 0 0 
-0.000001 0.417485 0.144898  0 0.148735 0.988877  0.207994 0.911831  15 0 0 0  1 0 0 0 
-0.145229 0.532997 -0.136766  -0.571766 0.568492 -0.591523  0.583678 0.864916  15 0 0 0  1 0 0 0 
-0.205384 0.516418 -0.026324  -0.846352 0.529891 0.053898  0.459991 0.864916  15 0 0 0  1 0 0 0 
-0.000001 0.539865 -0.182513  -0.000001 0.647045 -0.762452  0.726068 0.864916  15 0 0 0  1 0 0 0 
-0.145229 0.499838 0.084119  -0.531969 0.530526 0.659963  0.328194 0.864916  15 0 0 0  1 0 0 0 
-0.000001 0.492971 0.129865  -0 0.589948 0.807441  0.207994 0.864916  15 0 0 0  1 0 0 0 
-0.126926 0.540935 -0.133028  -0.244801 0.814583 -0.525859  0.583678 0.829017  15 2 0 0  0.5 0.5 0 0 
-0.178624 0.527418 -0.021903  -0.399411 0.89852 0.182024  0.459991 0.829017  15 2 0 0  0.5 0.5 0 0 
-0.000001 0.545689 -0.156062  -0.000001 0.971743 -0.236042  0.726068 0.829017  15 2 0 0  0.5 0.5 0 0 
-0.118595 0.508533 0.081719  -0.19292 0.742855 0.641052  0.328194 0.829017  15 2 0 0  0.5 0.5 0 0 
-0.000001 0.500872 0.109288  -0.000001 0.924545 0.381074  0.207994 0.829017  15 2 0 0  0.5 0.5 0 0 
-0.120358 0.014963 -0.060897  -0.000004 -0.144413 -0.989518  0.180623 0.109306  24 0 0 0  1 0 0 0 
-0.062424 0.014986 -0.032104  0.832666 -0.122508 -0.540055  0.230811 0.13479  24 0 0 0  1 0 0 0 
-0.062424 0.057494 -0.031013  0.854988 0.138982 -0.49968  0.243482 0.117091  24 0 0 0  1 0 0 0 
-0.120358 0.051853 -0.060199  0.000003 0.038407 -0.999262  0.191259 0.09125  24 0 0 0  1 0 0 0 
-0.062424 0.014964 0.01675  0.994758 -0.085944 -0.055414  0.26433 0.159374  24 0 0 0  1 0 0 0 
-0.062424 0.062632 0.012951  0.930766 0.339597 0.135454  0.277814 0.142734  24 0 0 0  1 0 0 0 
-0.044313 0.014676 0.177756  0.912017 -0.089477 0.400273  0.335581 0.25948  24 0 0 0  1 0 0 0 
-0.076795 0.014685 0.208793  0.234032 -0.100284 0.967043  0.36302 0.264679  24 0 0 0  1 0 0 0 
-0.076795 0.044287 0.204967  0.222337 0.626263 0.747235  0.359836 0.256882  24 0 0 0  1 0 0 0 
-0.044313 0.033641 0.17191  0.850273 0.473231 0.230408  0.333302 0.25006  24 0 0 0  1 0 0 0 
-0.196402 0.014676 0.177756  -0.800503 0.156056 0.578654  0.413344 0.211527  24 0 0 0  1 0 0 0 
-0.179825 0.033641 0.17191  -0.493241 0.748651 0.442984  0.400505 0.209653  24 0 0 0  1 0 0 0 
-0.18447 0.014964 0.01675  -0.998974 0.001465 -0.045253  0.363692 0.1039  24 0 0 0  1 0 0 0 
-0.178291 0.014986 -0.032104  -0.803185 -0.131648 -0.581001  0.359461 0.06463  24 0 0 0  1 0 0 0 
-0.178291 0.057494 -0.031013  -0.877862 0.205036 -0.432803  0.338816 0.066572  24 0 0 0  1 0 0 0 
-0.164976 0.062631 0.012951  -0.8638 0.428777 0.264574  0.3398 0.107865  24 0 0 0  1 0 0 0 
-0.120358 0.014963 -0.060897  -0.000004 -0.144413 -0.989518  0.362773 0.011123  24 0 0 0  1 0 0 0 
-0.120358 0.051853 -0.060199  0.000003 0.038407 -0.999262  0.342784 0.011149  24 0 0 0  1 0 0 0 
-0.114757 0.248083 -0.011554  -0.002394 0.089253 -0.996006  0.762629 0.825126  23 0 0 0  1 0 0 0 
-0.08455 0.244624 0.006494  0.876365 -0.009401 -0.481555  0.801257 0.825126  23 0 0 0  1 0 0 0 
-0.081506 0.267627 0.005668  0.854254 -0.158108 -0.495229  0.801257 0.813028  23 22 0 0  0.5 0.5 0 0 
-0.114462 0.271516 -0.012802  0.000837 -0.175049 -0.984559  0.762629 0.813028  23 22 0 0  0.5 0.5 0 0 
-0.08455 0.231422 0.03746  0.87225 -0.120235 0.474049  0.832145 0.825126  23 0 0 0  1 0 0 0 
-0.081506 0.259008 0.042608  0.851047 -0.115378 0.512257  0.832145 0.813028  23 22 0 0  0.5 0.5 0 0 
-0.114757 0.2223 0.055508  -0.051661 -0.166704 0.984653  0.866515 0.825126  23 0 0 0  1 0 0 0 
-0.114462 0.254278 0.061078  -0.042244 -0.099145 0.994176  0.866515 0.813028  23 22 0 0  0.5 0.5 0 0 
-0.139157 0.231422 0.03746  -0.855024 -0.121369 0.504186  0.905721 0.825126  23 0 0 0  1 0 0 0 
-0.141608 0.25817 0.042608  -0.834683 -0.098716 0.541811  0.905721 0.813028  23 22 0 0  0.5 0.5 0 0 
-0.144965 0.244624 0.006494  -0.917795 -0.013511 -0.396824  0.936896 0.825126  23 0 0 0  1 0 0 0 
-0.147416 0.266788 0.005668  -0.897406 -0.134354 -0.420252  0.936896 0.813028  23 22 0 0  0.5 0.5 0 0 
-0.114757 0.248083 -0.011554  -0.002394 0.089253 -0.996006  0.985054 0.825126  23 0 0 0  1 0 0 0 
-0.114462 0.271516 -0.012802  0.000837 -0.175049 -0.984559  0.985054 0.813028  23 22 0 0  0.5 0.5 0 0 
-0.114198 0.292499 -0.018299  0.004668 -0.198743 -0.980041  0.762629 0.75912  22 0 0 0  1 0 0 0 
-0.07878 0.293297 0.000548  0.850179 -0.13702 -0.508351  0.801257 0.75912  22 0 0 0  1 0 0 0 
-0.074521 0.452211 -0.021856  0.819074 -0.092094 -0.566248  0.801257 0.663613  22 0 0 0  1 0 0 0 
-0.116863 0.452265 -0.040704  -0.022766 -0.13921 -0.990001  0.762629 0.663613  22 0 0 0  1 0 0 0 
-0.07878 0.293297 0.041594  0.858575 -0.030336 0.51179  0.832145 0.75912  22 0 0 0  1 0 0 0 
-0.074521 0.452211 0.039847  0.84283 -0.016672 0.537922  0.832145 0.663613  22 0 0 0  1 0 0 0 
-0.114198 0.292499 0.060442  -0.035932 0.006402 0.999334  0.866515 0.75912  22 0 0 0  1 0 0 0 
-0.116863 0.452265 0.058694  -0.129262 0.014243 0.991508  0.866515 0.663613  22 0 0 0  1 0 0 0 
-0.143803 0.291707 0.041594  -0.843824 -0.021318 0.536197  0.905721 0.75912  22 0 0 0  1 0 0 0 
-0.146526 0.452298 0.034032  -0.875959 0.006236 0.482345  0.905721 0.663613  22 0 0 0  1 0 0 0 
-0.149611 0.291707 0.000548  -0.883217 -0.130049 -0.450572  0.936896 0.75912  22 0 0 0  1 0 0 0 
-0.155209 0.452298 -0.021856  -0.865999 -0.094641 -0.491008  0.936896 0.663613  22 0 0 0  1 0 0 0 
-0.114198 0.292499 -0.018299  0.004668 -0.198743 -0.980041  0.985054 0.75912  22 0 0 0  1 0 0 0 
-0.116863 0.452265 -0.040704  -0.022766 -0.13921 -0.990001  0.985054 0.663613  22 0 0 0  1 0 0 0 
-0.062424 0.057494 -0.031013  0.854988 0.138982 -0.49968  0.801257 0.980006  24 0 0 0  1 0 0 0 
-0.072083 0.085938 -0.027959  0.839462 0.282636 -0.464133  0.801257 0.9302  24 23 0 0  0.5 0.5 0 0 
-0.120358 0.102425 -0.057269  -0.01371 0.236884 -0.971441  0.762629 0.9302  24 23 0 0  0.5 0.5 0 0 
-0.120358 0.051853 -0.060199  0.000003 0.038407 -0.999262  0.762629 0.980006  24 0 0 0  1 0 0 0 
-0.062424 0.062632 0.012951  0.930766 0.339597 0.135454  0.832145 0.980006  24 0 0 0  1 0 0 0 
-0.072083 0.085223 0.010861  0.873162 0.257531 0.413843  0.832145 0.9302  24 23 0 0  0.5 0.5 0 0 
-0.120358 0.076432 0.057231  -0.055583 0.915321 0.398872  0.866515 0.980006  24 0 0 0  1 0 0 0 
-0.120358 0.090683 0.044577  -0.07436 0.38146 0.92139  0.866515 0.9302  24 23 0 0  0.5 0.5 0 0 
-0.164976 0.062631 0.012951  -0.8638 0.428777 0.264574  0.905721 0.980006  24 0 0 0  1 0 0 0 
-0.159472 0.085223 0.010861  -0.860025 0.211654 0.464283  0.905721 0.9302  24 23 0 0  0.5 0.5 0 0 
-0.178291 0.057494 -0.031013  -0.877862 0.205036 -0.432803  0.936896 0.980006  24 0 0 0  1 0 0 0 
-0.168633 0.085938 -0.027959  -0.887976 0.31122 -0.338587  0.936896 0.9302  24 23 0 0  0.5 0.5 0 0 
-0.120358 0.051853 -0.060199  0.000003 0.038407 -0.999262  0.985054 0.980006  24 0 0 0  1 0 0 0 
-0.120358 0.102425 -0.057269  -0.01371 0.236884 -0.971441  0.985054 0.9302  24 23 0 0  0.5 0.5 0 0 
-0.044313 0.014676 0.177756  0.912017 -0.089477 0.400273  0.330026 0.257867  24 0 0 0  1 0 0 0 
-0.196402 0.014676 0.177756  -0.800503 0.156056 0.578654  0.413172 0.208985  24 0 0 0  1 0 0 0 
-0.120358 0.076432 0.057231  -0.055583 0.915321 0.398872  0.328092 0.151072  24 0 0 0  1 0 0 0 
-0.084133 0.180388 -0.008351  0.875734 0.165708 -0.453465  0.801257 0.870796  23 0 0 0  1 0 0 0 
-0.114757 0.186013 -0.028508  0.010943 0.293742 -0.955822  0.762629 0.870796  23 0 0 0  1 0 0 0 
-0.084132 0.169262 0.024959  0.879373 -0.018681 0.475767  0.832145 0.870796  23 0 0 0  1 0 0 0 
-0.114757 0.162564 0.045606  -0.038294 -0.091499 0.995069  0.866515 0.870796  23 0 0 0  1 0 0 0 
-0.139003 0.169262 0.024959  -0.856003 0.013803 0.516787  0.905721 0.870796  23 0 0 0  1 0 0 0 
-0.145382 0.180388 -0.008351  -0.908915 0.201101 -0.365285  0.936896 0.870796  23 0 0 0  1 0 0 0 
-0.114757 0.186013 -0.028508  0.010943 0.293742 -0.955822  0.985054 0.870796  23 0 0 0  1 0 0 0 
-0.120358 -0.001468 -0.05541  0.000002 -0.736902 -0.675999  0.177793 0.120514  24 0 0 0  1 0 0 0 
-0.065098 -0.001446 -0.027946  0.623561 -0.700834 -0.346414  0.228024 0.143554  24 0 0 0  1 0 0 0 
-0.065098 -0.001467 0.018654  0.630535 -0.7752 -0.038609  0.260347 0.165382  24 0 0 0  1 0 0 0 
-0.179157 -0.001468 0.018654  -0.585805 -0.808189 -0.060525  0.371203 0.103114  24 0 0 0  1 0 0 0 
-0.175618 -0.001446 -0.027945  -0.601242 -0.708169 -0.370141  0.368054 0.066318  24 0 0 0  1 0 0 0 
-0.120358 -0.001468 -0.05541  0.000002 -0.736902 -0.675999  0.373333 0.014217  24 0 0 0  1 0 0 0 
-0.047822 -0.001742 0.172231  0.664519 -0.724317 0.183794  0.333835 0.267284  24 0 0 0  1 0 0 0 
-0.076795 -0.001734 0.202229  0.206805 -0.741535 0.638246  0.364228 0.269756  24 0 0 0  1 0 0 0 
-0.192893 -0.001742 0.172231  -0.597186 -0.71389 0.365692  0.418425 0.217946  24 0 0 0  1 0 0 0 
-0.047822 -0.001742 0.172231  0.664519 -0.724317 0.183794  0.322286 0.258044  24 0 0 0  1 0 0 0 
-0.192893 -0.001742 0.172231  -0.597186 -0.71389 0.365692  0.417289 0.202556  24 0 0 0  1 0 0 0 
-0.175618 -0.001446 -0.027945  -0.601242 -0.708169 -0.370141  0.566957 0.11451  24 0 0 0  1 0 0 0 
-0.179157 -0.001468 0.018654  -0.585805 -0.808189 -0.060525  0.538649 0.115481  24 0 0 0  1 0 0 0 
-0.065098 -0.001467 0.018654  0.630535 -0.7752 -0.038609  0.540138 0.059824  24 0 0 0  1 0 0 0 
-0.065098 -0.001446 -0.027946  0.623561 -0.700834 -0.346414  0.5684 0.06058  24 0 0 0  1 0 0 0 
-0.192893 -0.001742 0.172231  -0.597186 -0.71389 0.365692  0.445326 0.119691  24 0 0 0  1 0 0 0 
-0.047822 -0.001742 0.172231  0.664519 -0.724317 0.183794  0.447221 0.048901  24 0 0 0  1 0 0 0 
-0.120358 -0.001468 -0.05541  0.000002 -0.736902 -0.675999  0.584336 0.087991  24 0 0 0  1 0 0 0 
-0.076795 -0.001734 0.202229  0.206805 -0.741535 0.638246  0.428649 0.062552  24 0 0 0  1 0 0 0 
-0.162128 0.286568 -0.156182  0.17974 -0.701806 0.689319  0.223532 0.670595  15 0 0 0  1 0 0 0 
-0.229283 0.306025 -0.026324  0.537927 -0.824378 -0.176166  0.258095 0.678991  15 0 0 0  1 0 0 0 
-0.000001 0.455638 -0.026324  0.537927 -0.824378 -0.176166  0.25077 0.630175  4 0 0 0  1 0 0 0 
-0.000001 0.275258 -0.209971  0.17974 -0.701806 0.689319  0.20357 0.64106  15 0 0 0  1 0 0 0 
-0.162128 0.322096 0.103534  0.537927 -0.824378 -0.176166  0.289254 0.66184  15 0 0 0  1 0 0 0 
-0.000001 0.301251 0.157323  0.114325 -0.760434 -0.639273  0.300717 0.628084  15 0 0 0  1 0 0 0 
-0.483427 0.697749 0.01539  0.135059 -0.933609 0.331863  0.545478 0.385439  13 0 0 0  1 0 0 0 
-0.483427 0.70377 -0.049831  0.199242 -0.793653 -0.57482  0.513369 0.378018  13 0 0 0  1 0 0 0 
-0.569202 0.710796 -0.087979  0.184573 -0.517502 -0.835538  0.503192 0.328757  13 0 0 0  1 0 0 0 
-0.569202 0.668942 -0.015486  0.077461 -0.996059 0.043204  0.544034 0.33198  13 0 0 0  1 0 0 0 
-0.483427 0.777026 -0.084617  0.264645 0.279098 -0.923075  0.472806 0.374742  13 0 0 0  1 0 0 0 
-0.569202 0.795604 -0.087979  0.176953 0.455442 -0.872502  0.461082 0.332449  13 0 0 0  1 0 0 0 
-0.483427 0.823577 -0.019893  0.287116 0.948636 -0.132872  0.434535 0.378959  13 0 0 0  1 0 0 0 
-0.569202 0.853464 -0.015486  0.354551 0.91369 -0.198654  0.417498 0.334507  13 0 0 0  1 0 0 0 
-0.483427 0.806184 0.036881  0.155532 0.71615 0.680396  0.40577 0.38625  13 0 0 0  1 0 0 0 
-0.554808 0.81161 0.039281  0.247838 0.422673 0.871736  0.395664 0.352072  13 0 0 0  1 0 0 0 
-0.483427 0.735724 0.059487  0.088351 -0.228801 0.969455  0.37143 0.398795  13 0 0 0  1 0 0 0 
-0.554808 0.710796 0.05546  -0.094026 -0.440201 0.892963  0.349876 0.369917  13 0 0 0  1 0 0 0 
-0.483427 0.697749 0.01539  0.135059 -0.933609 0.331863  0.34417 0.409182  13 0 0 0  1 0 0 0 
-0.569202 0.668942 -0.015486  0.077461 -0.996059 0.043204  0.310513 0.375954  13 0 0 0  1 0 0 0 
-0.628333 0.668942 -0.028327  -0.248614 -0.948447 0.196568  0.892803 0.515316  13 0 0 0  1 0 0 0 
-0.628333 0.853464 -0.028327  -0.416148 0.880315 -0.227744  0.893117 0.59975  13 0 0 0  1 0 0 0 
-0.601187 0.81161 0.041249  -0.535732 -0.40836 0.739076  0.927208 0.580487  13 0 0 0  1 0 0 0 
-0.601187 0.710796 0.041249  -0.561497 -0.351513 0.749106  0.927048 0.534349  13 0 0 0  1 0 0 0 
-0.647755 0.698756 0.049653  0.67965 -0.722059 -0.129253  0.799145 0.529293  13 0 0 0  1 0 0 0 
-0.647162 0.74061 0.070565  0.705016 -0.162942 0.690219  0.789635 0.548488  13 0 0 0  1 0 0 0 
-0.647162 0.784661 0.070565  0.692876 0.19398 0.694474  0.789704 0.568656  13 0 0 0  1 0 0 0 
-0.647755 0.818383 0.049653  0.665285 0.72322 -0.185333  0.799345 0.584059  13 0 0 0  1 0 0 0 
-0.628333 0.668942 -0.028327  -0.248614 -0.948447 0.196568  0.538627 0.295123  13 0 0 0  1 0 0 0 
-0.628333 0.710796 -0.10082  0.028106 -0.487025 -0.872936  0.499843 0.306  13 0 0 0  1 0 0 0 
-0.711822 0.716577 -0.091543  -0.477605 -0.435059 -0.763294  0.497483 0.277054  13 0 0 0  1 0 0 0 
-0.695888 0.674723 -0.022939  -0.053757 -0.941963 0.331384  0.533458 0.259411  13 0 0 0  1 0 0 0 
-0.628333 0.800812 -0.10082  0.059252 0.446225 -0.892957  0.459445 0.306501  13 0 0 0  1 0 0 0 
-0.711822 0.799654 -0.091543  -0.479535 0.445638 -0.755945  0.462202 0.274706  13 0 0 0  1 0 0 0 
-0.628333 0.853464 -0.028327  -0.416148 0.880315 -0.227744  0.421185 0.302825  13 0 0 0  1 0 0 0 
-0.695888 0.833602 -0.022938  -0.095699 0.901029 0.423071  0.427417 0.263502  13 0 0 0  1 0 0 0 
-0.695888 0.674723 -0.022939  -0.053757 -0.941963 0.331384  0.861797 0.51807  13 0 0 0  1 0 0 0 
-0.695888 0.833602 -0.022938  -0.095699 0.901029 0.423071  0.862067 0.590783  13 0 0 0  1 0 0 0 
-0.771462 0.727902 -0.002397  -0.942305 -0.327493 -0.069348  0.496003 0.236338  13 0 0 0  1 0 0 0 
-0.72104 0.674723 0.003422  0.051003 -0.998668 -0.007747  0.532009 0.234592  13 0 0 0  1 0 0 0 
-0.771462 0.791748 -0.002397  -0.921363 0.384636 -0.05609  0.467131 0.233904  13 0 0 0  1 0 0 0 
-0.72104 0.833601 0.003422  0.102404 0.993559 0.048508  0.43359 0.237742  13 0 0 0  1 0 0 0 
-0.72104 0.674723 0.003422  0.051003 -0.998668 -0.007747  0.845119 0.518127  13 0 0 0  1 0 0 0 
-0.72104 0.833601 0.003422  0.102404 0.993559 0.048508  0.845388 0.59085  13 0 0 0  1 0 0 0 
-0.731434 0.716577 0.07639  -0.442446 -0.385065 0.809917  0.504895 0.203876  13 0 0 0  1 0 0 0 
-0.708973 0.674723 0.040022  0.188495 -0.980171 0.061111  0.53119 0.209968  13 0 0 0  1 0 0 0 
-0.731435 0.791748 0.07639  -0.466873 0.354683 0.81008  0.468688 0.201573  13 0 0 0  1 0 0 0 
-0.708974 0.833601 0.040022  0.09874 0.995072 -0.009097  0.437158 0.212157  13 0 0 0  1 0 0 0 
-0.708973 0.674723 0.040022  0.188495 -0.980171 0.061111  0.827477 0.518189  13 0 0 0  1 0 0 0 
-0.708974 0.833601 0.040022  0.09874 0.995072 -0.009097  0.827744 0.590919  13 0 0 0  1 0 0 0 
-0.647162 0.74061 0.070565  0.705016 -0.162942 0.690219  0.497506 0.166323  13 0 0 0  1 0 0 0 
-0.647755 0.698756 0.049653  0.67965 -0.722059 -0.129253  0.526709 0.174567  13 0 0 0  1 0 0 0 
-0.647162 0.784661 0.070565  0.692876 0.19398 0.694474  0.462574 0.169011  13 0 0 0  1 0 0 0 
-0.647755 0.818383 0.049653  0.665285 0.72322 -0.185333  0.436196 0.179911  13 0 0 0  1 0 0 0 
-0.637797 0.898559 0.095197  0.060129 0.60335 0.795207  0.952882 0.628639  13 0 0 0  1 0 0 0 
-0.643482 0.866496 0.095698  -0.37115 -0.397621 0.839134  0.948768 0.614349  13 0 0 0  1 0 0 0 
-0.67006 0.889823 0.058314  -0.983722 0.163289 -0.075014  0.930123 0.628651  13 0 0 0  1 0 0 0 
-0.651338 0.909872 0.073351  -0.277369 0.94119 0.192943  0.942376 0.635993  13 0 0 0  1 0 0 0 
-0.601187 0.710796 0.041249  -0.561497 -0.351513 0.749106  0.33958 0.349282  13 0 0 0  1 0 0 0 
-0.601187 0.81161 0.041249  -0.535732 -0.40836 0.739076  0.386897 0.330089  13 0 0 0  1 0 0 0 
-0.628333 0.668942 -0.028327  -0.248614 -0.948447 0.196568  0.295958 0.348772  13 0 0 0  1 0 0 0 
-0.646583 0.869366 0.009567  -0.793456 0.246265 -0.556579  0.909331 0.61239  13 0 0 0  1 0 0 0 
-0.619685 0.835615 0.065064  -0.329891 -0.793324 0.511673  0.936508 0.595396  13 0 0 0  1 0 0 0 
-0.628333 0.853464 -0.028327  -0.416148 0.880315 -0.227744  0.993288 0.561912  13 0 0 0  1 0 0 0 
-0.569202 0.853464 -0.015486  0.354551 0.91369 -0.198654  0.967494 0.552387  13 0 0 0  1 0 0 0 
-0.604714 0.875408 0.027846  0.473636 0.868011 -0.149081  0.969663 0.579888  13 0 0 0  1 0 0 0 
-0.646583 0.869366 0.009567  -0.793456 0.246265 -0.556579  0.990672 0.582006  13 0 0 0  1 0 0 0 
-0.554808 0.81161 0.039281  0.247838 0.422673 0.871736  0.936839 0.561712  13 0 0 0  1 0 0 0 
-0.591517 0.852366 0.068363  0.717743 0.094333 0.689888  0.948766 0.587062  13 0 0 0  1 0 0 0 
-0.651338 0.909872 0.073351  -0.277369 0.94119 0.192943  0.976001 0.613058  13 0 0 0  1 0 0 0 
-0.67006 0.889823 0.058314  -0.983722 0.163289 -0.075014  0.989339 0.608211  13 0 0 0  1 0 0 0 
-0.637797 0.898559 0.095197  0.060129 0.60335 0.795207  0.96356 0.615349  13 0 0 0  1 0 0 0 
-0.087106 0.741667 -0.000994  1 0.000004 0  0.037286 0.031115  12 0 0 0  1 0 0 0 
-0.100124 0.766758 -0.01548  0.518731 0.744317 -0.420607  0.046994 0.042303  12 0 0 0  1 0 0 0 
-0.100124 0.741667 -0.029966  0.52777 0.000001 -0.849387  0.052037 0.029769  12 0 0 0  1 0 0 0 
-0.100124 0.766758 0.013493  0.516804 0.744446 0.422745  0.033874 0.045529  12 0 0 0  1 0 0 0 
-0.100124 0.741667 0.027979  0.523784 0.000003 0.851851  0.023593 0.036763  12 0 0 0  1 0 0 0 
-0.100124 0.716577 0.013493  0.51681 -0.744443 0.422744  0.024705 0.023298  12 0 0 0  1 0 0 0 
-0.100124 0.716577 -0.01548  0.518732 -0.744315 -0.420609  0.044807 0.018355  12 0 0 0  1 0 0 0 
-0.100124 0.716577 0.013493  0.51681 -0.744443 0.422744  0.03132 0.017558  12 0 0 0  1 0 0 0 
-0.100124 0.741667 -0.029966  0.52777 0.000001 -0.849387  0.485925 0.570825  12 0 0 0  1 0 0 0 
-0.100124 0.766758 -0.01548  0.518731 0.744317 -0.420607  0.469867 0.57303  12 0 0 0  1 0 0 0 
-0.200954 0.773698 -0.023741  0.094171 0.858711 -0.503734  0.464748 0.521471  12 0 0 0  1 0 0 0 
-0.200954 0.741667 -0.042234  0.109496 0.00351 -0.993981  0.485676 0.518938  12 0 0 0  1 0 0 0 
-0.100124 0.766758 0.013493  0.516804 0.744446 0.422745  0.454207 0.577062  12 0 0 0  1 0 0 0 
-0.200954 0.773698 0.020794  0.099581 0.86163 0.497672  0.440416 0.527457  12 0 0 0  1 0 0 0 
-0.100124 0.741667 0.027979  0.523784 0.000003 0.851851  0.440106 0.58135  12 0 0 0  1 0 0 0 
-0.200954 0.741667 0.039287  0.110149 -0.005509 0.9939  0.422406 0.5329  12 0 0 0  1 0 0 0 
-0.100124 0.716577 0.013493  0.51681 -0.744443 0.422744  0.426565 0.587174  12 0 0 0  1 0 0 0 
-0.200954 0.709637 0.020794  0.091479 -0.85993 0.502147  0.4051 0.540301  12 0 0 0  1 0 0 0 
-0.100124 0.716577 0.013493  0.51681 -0.744443 0.422744  0.515284 0.573645  12 0 0 0  1 0 0 0 
-0.100124 0.716577 -0.01548  0.518732 -0.744315 -0.420609  0.500697 0.571502  12 0 0 0  1 0 0 0 
-0.200954 0.709637 -0.023741  0.097984 -0.860505 -0.499931  0.504303 0.520013  12 0 0 0  1 0 0 0 
-0.200954 0.709637 0.020794  0.091479 -0.85993 0.502147  0.52652 0.523339  12 0 0 0  1 0 0 0 
-0.314881 0.782576 -0.028165  0.262744 0.84595 -0.464041  0.457382 0.464224  12 0 0 0  1 0 0 0 
-0.315265 0.741682 -0.054679  0.252047 0.003833 -0.967707  0.485975 0.46064  12 0 0 0  1 0 0 0 
-0.309107 0.782574 0.02486  0.120995 0.857109 0.500724  0.427378 0.473998  12 0 0 0  1 0 0 0 
-0.298375 0.741682 0.05137  0.033543 -0.012167 0.999363  0.405904 0.486517  12 0 0 0  1 0 0 0 
-0.309107 0.700789 0.02486  0.043165 -0.865817 0.498495  0.381326 0.49031  12 0 0 0  1 0 0 0 
-0.314881 0.700787 -0.028165  0.203602 -0.880184 -0.428746  0.510624 0.462549  12 0 0 0  1 0 0 0 
-0.309107 0.700789 0.02486  0.043165 -0.865817 0.498495  0.536304 0.469729  12 0 0 0  1 0 0 0 
-0.375111 0.749253 -0.061366  -0.023113 0.069476 -0.997316  0.482589 0.430649  13 0 0 0  1 0 0 0 
-0.375494 0.789665 -0.031894  -0.011729 0.896532 -0.442824  0.453131 0.433589  13 0 0 0  1 0 0 0 
-0.382951 0.789667 0.027053  0.102821 0.829615 0.548786  0.418098 0.436619  13 0 0 0  1 0 0 0 
-0.393699 0.741799 0.056528  0.066593 -0.029979 0.99733  0.389006 0.440038  13 0 0 0  1 0 0 0 
-0.383003 0.696352 0.027054  0.024023 -0.852633 0.521957  0.365918 0.455502  13 0 0 0  1 0 0 0 
-0.383003 0.696352 0.027054  0.024023 -0.852633 0.521957  0.542689 0.434606  13 0 0 0  1 0 0 0 
-0.375494 0.693932 -0.031894  -0.06449 -0.894049 -0.443303  0.513801 0.433465  13 0 0 0  1 0 0 0 
-0.345923 0.792705 -0.038611  0.116601 0.847218 -0.518292  0.456919 0.447617  13 12 0 0  0.5 0.5 0 0 
-0.345916 0.743766 -0.066188  0.098055 -0.004604 -0.99517  0.484813 0.445034  13 12 0 0  0.5 0.5 0 0 
-0.345972 0.792705 0.019642  0.086045 0.895217 0.437245  0.426143 0.454413  13 12 0 0  0.5 0.5 0 0 
-0.345962 0.741713 0.04722  0.051284 -0.028824 0.998268  0.397537 0.46365  13 12 0 0  0.5 0.5 0 0 
-0.345984 0.697517 0.019643  0.081396 -0.882881 0.462489  0.37218 0.47371  13 12 0 0  0.5 0.5 0 0 
-0.345923 0.693521 -0.038611  0.096804 -0.848332 -0.52054  0.510064 0.446833  13 12 0 0  0.5 0.5 0 0 
-0.345984 0.697517 0.019643  0.081396 -0.882881 0.462489  0.536659 0.451578  13 12 0 0  0.5 0.5 0 0 
-0.1095 0.840632 0.329878  -0.306802 -0.928892 0.207442  0.657886 0.370859  4 0 0 0  1 0 0 0 
-0.158401 0.861192 0.335214  -0.63034 -0.543245 0.554578  0.669722 0.347312  4 0 0 0  1 0 0 0 
-0.000001 0.841132 0.381545  0.000001 -0.172936 0.984933  0.586699 0.396486  4 0 0 0  1 0 0 0 
-0.000002 0.819869 0.371722  -0.000001 -0.8308 0.556571  0.600357 0.41952  4 0 0 0  1 0 0 0 
-0.109501 1.273067 0.308146  -0.612595 0.600113 0.514385  0.686654 0.107752  4 0 0 0  1 0 0 0 
-0.000002 1.313347 0.34999  -0.000001 0.73399 0.679161  0.63963 0.045963  4 0 0 0  1 0 0 0 
-0.000002 1.177537 0.403688  -0 0.057681 0.998335  0.579512 0.132082  4 0 0 0  1 0 0 0 
-0.142249 1.186496 0.342137  -0.710251 0.17389 0.682133  0.669904 0.158433  4 0 0 0  1 0 0 0 
-0.109501 0.852231 0.076193  -0.379797 -0.918225 -0.112324  0.817469 0.400813  4 0 0 0  1 0 0 0 
-0.000001 0.821309 0.055687  0.000001 -0.994072 -0.108728  0.843874 0.48198  4 0 0 0  1 0 0 0 
-0.000002 0.847698 -0.029439  0 -0.692911 -0.721024  0.908024 0.467354  4 0 0 0  1 0 0 0 
-0.175298 0.898733 0.012565  -0.674153 -0.516997 -0.527476  0.859591 0.337801  4 0 0 0  1 0 0 0 
-0.109501 1.273068 0.034304  -0.61259 0.638602 -0.465748  0.841197 0.111081  4 0 0 0  1 0 0 0 
-0.142249 1.176222 -0.023218  -0.679433 0.343111 -0.648572  0.869224 0.170791  4 0 0 0  1 0 0 0 
-0.000002 1.182278 -0.087174  -0.000001 0.263083 -0.964773  0.956744 0.133436  4 0 0 0  1 0 0 0 
-0.000002 1.313347 -0.00754  -0.000001 0.786086 -0.618118  0.888979 0.049472  4 0 0 0  1 0 0 0 
-0.000002 0.837325 0.186919  0.000001 -0.999916 -0.012984  0.722703 0.470269  4 0 0 0  1 0 0 0 
-0.147825 0.859529 0.182012  -0.484727 -0.874046 -0.032922  0.74849 0.371202  4 0 0 0  1 0 0 0 
-0.000001 0.821309 0.055687  0.000001 -0.994072 -0.108728  0.820474 0.487594  4 0 0 0  1 0 0 0 
-0.190903 1.176395 0.157348  -0.964497 0.264092 -0.001177  0.768738 0.176375  4 0 0 0  1 0 0 0 
-0.147826 1.313347 0.173008  -0.716444 0.697485 0.014915  0.762652 0.102521  4 0 0 0  1 0 0 0 
-0.235205 0.941962 0.150657  -0.970546 -0.239022 -0.03015  0.770391 0.306326  4 0 0 0  1 0 0 0 
-0.000002 1.365136 0.173009  -0.000002 0.999995 0.003107  0.764286 0.00871  4 0 0 0  1 0 0 0 
-0.175298 0.942697 0.319216  -0.768608 -0.052085 0.637597  0.675705 0.303863  4 0 0 0  1 0 0 0 
-0.171743 1.009061 0.329367  -0.720971 0.230959 0.653345  0.671082 0.267394  4 0 0 0  1 0 0 0 
-0.000002 0.970972 0.413355  -0 -0.140258 0.990115  0.55315 0.289285  4 0 0 0  1 0 0 0 
-0.000002 0.929845 0.366091  0 -0.345887 0.938276  0.568623 0.334418  4 0 0 0  1 0 0 0 
-0.000002 0.847698 -0.029439  0 -0.692911 -0.721024  0.981412 0.360915  4 0 0 0  1 0 0 0 
-0.000002 1.05824 -0.08281  0 -0.105621 -0.994406  0.978104 0.217198  4 0 0 0  1 0 0 0 
-0.171296 1.062676 -0.02901  -0.719158 0.032596 -0.694081  0.870993 0.235143  4 0 0 0  1 0 0 0 
-0.215132 1.046498 0.134241  -0.988547 0.14713 -0.033573  0.777963 0.249916  4 0 0 0  1 0 0 0 
-0.000002 1.048933 0.36693  -0 0.170138 0.98542  0.568127 0.226116  4 0 0 0  1 0 0 0 
-0.151247 1.060923 0.30529  -0.732884 0.20595 0.648433  0.674682 0.233582  4 0 0 0  1 0 0 0 
0.051709 0.838954 -0.005845  0.494668 0.839786 -0.223749  0.598647 0.563764  3 0 0 0  1 0 0 0 
-0.000002 0.864372 -0.000736  -0.000001 0.982181 -0.187937  0.577754 0.533558  3 0 0 0  1 0 0 0 
-0.000002 0.857811 0.052499  -0.000001 0.913608 0.406595  0.538721 0.558898  3 0 0 0  1 0 0 0 
0.074856 0.83757 0.039393  0.645483 0.714305 0.270406  0.576235 0.597675  3 0 0 0  1 0 0 0 
-0.000001 0.814776 0.095041  0.000001 0.437492 0.899222  0.518934 0.640394  3 0 0 0  1 0 0 0 
0.051708 0.799713 0.073938  0.508116 0.30118 0.806913  0.556286 0.629078  3 0 0 0  1 0 0 0 
0.096786 0.789547 -0.070073  0.602561 0.563473 -0.56517  0.655281 0.563375  3 0 0 0  1 0 0 0 
-0.000001 0.799839 -0.085968  -0 0.571458 -0.820631  0.64639 0.504204  3 0 0 0  1 0 0 0 
-0.000001 0.546759 0.094036  0 0.244952 0.969535  0.569985 0.74546  2 0 0 0  1 0 0 0 
0.104494 0.551369 0.073867  0.502769 0.300864 0.810373  0.630316 0.716326  2 0 0 0  1 0 0 0 
0.08285 0.612158 0.063223  0.548689 0.022147 0.835733  0.609824 0.692701  2 3 0 0  0.5 0.5 0 0 
-0.000001 0.608023 0.084767  0 -0.129192 0.99162  0.558068 0.720935  2 3 0 0  0.5 0.5 0 0 
-0.000001 0.682335 0.120981  -0 -0.112684 0.993631  0.541858 0.687572  3 0 0 0  1 0 0 0 
0.073867 0.68597 0.095247  0.557759 -0.038979 0.829087  0.578251 0.671162  3 0 0 0  1 0 0 0 
0.173477 0.578501 -0.027573  0.978912 0.194409 0.062736  0.698226 0.654462  2 0 0 0  1 0 0 0 
0.151983 0.645384 -0.021755  0.974039 0.194898 0.115162  0.672558 0.635446  2 3 0 0  0.5 0.5 0 0 
0.119835 0.617419 -0.120859  0.591439 0.267602 -0.76065  0.734097 0.579223  2 0 0 0  1 0 0 0 
0.104987 0.684258 -0.099559  0.582084 0.304342 -0.754025  0.700997 0.569895  2 3 0 0  0.5 0.5 0 0 
0.14011 0.735983 -0.002805  0.951899 0.278131 0.128573  0.638497 0.616197  3 0 0 0  1 0 0 0 
-0.000001 0.691636 -0.119003  -0 0.287222 -0.957864  0.703084 0.498029  2 3 0 0  0.5 0.5 0 0 
0.118593 0.508533 0.081719  0.525503 0.32808 0.784991  0.642905 0.732399  15 2 0 0  0.5 0.5 0 0 
0.178622 0.527418 -0.021903  0.973494 0.167274 0.155976  0.710887 0.67307  15 2 0 0  0.5 0.5 0 0 
0.126923 0.540935 -0.133028  0.619403 0.185315 -0.762888  0.767647 0.590908  15 2 0 0  0.5 0.5 0 0 
-0.000001 0.500872 0.109288  -0.000001 0.315401 0.948958  0.57933 0.764693  15 2 0 0  0.5 0.5 0 0 
-0.000001 0.620622 -0.140258  -0 0.24977 -0.968305  0.742598 0.496324  2 0 0 0  1 0 0 0 
-0.000001 0.545689 -0.156062  -0 0.206369 -0.978474  0.782384 0.498319  15 2 0 0  0.5 0.5 0 0 
-0.051712 0.838953 -0.005845  -0.49467 0.839785 -0.223748  0.409429 0.655705  3 0 0 0  1 0 0 0 
-0.074858 0.837569 0.039393  -0.645483 0.714305 0.270407  0.449938 0.659042  3 0 0 0  1 0 0 0 
-0.051712 0.799713 0.073938  -0.508118 0.30118 0.806912  0.486956 0.662766  3 0 0 0  1 0 0 0 
-0.096789 0.789547 -0.070073  -0.602562 0.563473 -0.56517  0.374124 0.699988  3 0 0 0  1 0 0 0 
-0.082852 0.612157 0.063223  -0.548689 0.022149 0.835733  0.503887 0.744174  2 3 0 0  0.5 0.5 0 0 
-0.104497 0.551369 0.073867  -0.50277 0.30086 0.810374  0.509796 0.774885  2 0 0 0  1 0 0 0 
-0.07387 0.68597 0.095247  -0.557758 -0.03898 0.829088  0.506465 0.706042  3 0 0 0  1 0 0 0 
-0.151985 0.645383 -0.021755  -0.97404 0.194897 0.115161  0.420106 0.758109  2 3 0 0  0.5 0.5 0 0 
-0.17348 0.5785 -0.027573  -0.978913 0.194406 0.062734  0.419192 0.79004  2 0 0 0  1 0 0 0 
-0.10499 0.684257 -0.099559  -0.582085 0.304341 -0.754025  0.350997 0.739956  2 3 0 0  0.5 0.5 0 0 
-0.119838 0.617419 -0.120859  -0.591439 0.267601 -0.760651  0.337875 0.771743  2 0 0 0  1 0 0 0 
-0.140113 0.735983 -0.002805  -0.9519 0.278128 0.128573  0.426022 0.719436  3 0 0 0  1 0 0 0 
-0.178624 0.527418 -0.021903  -0.973496 0.167268 0.155974  0.425996 0.811494  15 2 0 0  0.5 0.5 0 0 
-0.118595 0.508533 0.081719  -0.525504 0.328072 0.784993  0.514651 0.794715  15 2 0 0  0.5 0.5 0 0 
-0.126926 0.540935 -0.133028  -0.619404 0.185315 -0.762888  0.326327 0.805339  15 2 0 0  0.5 0.5 0 0 
-0.000002 0.864372 -0.000736  -0.000001 0.982181 -0.187937  0.398594 0.620612  3 0 0 0  1 0 0 0 
-0.000002 0.857811 0.052499  -0.000001 0.913608 0.406595  0.442637 0.605586  3 0 0 0  1 0 0 0 
-0.000001 0.799839 -0.085968  -0 0.571458 -0.820631  0.333101 0.65643  3 0 0 0  1 0 0 0 
-0.000001 0.691636 -0.119003  -0 0.287222 -0.957864  0.29321 0.697185  2 3 0 0  0.5 0.5 0 0 
-0.000001 0.620622 -0.140258  -0 0.24977 -0.968305  0.26745 0.727195  2 0 0 0  1 0 0 0 
-0.000001 0.545689 -0.156062  -0 0.206369 -0.978474  0.244431 0.759705  15 2 0 0  0.5 0.5 0 0 
-0.000002 0.857811 0.052499  -0.000001 0.913608 0.406595  0.503257 0.608129  3 0 0 0  1 0 0 0 
x monster Assets/textures/monster/monster.png
b monster monster monster 1
0 793 monster
t monster
{ n RootNode
 { n j01 t -0 0.540454 -0.257702 r -1.570796 -1.570796 -0.054774 
  { n body02 t 0.216213 -0 0.000005 r 0 -1.437681 -0 s 1 1 1 m 0 0.9824 0.186786 -0.511509 1 0 -0.000001 -0 -0.000001 0.186786 -0.9824 -0.139817 
   { n body01 t 0.12495 0 -0 r -0 0.097919 -0 m 0 0.959434 0.281933 -0.619741 1 0 -0.000001 -0 -0.000001 0.281933 -0.959434 -0.201369 
    { n head t 0.192999 0 -0 r -0 0.258167 -0 s 1 1 1 m 0 0.855658 0.517541 -0.734393 1 0 -0.000001 -0 -0.000001 0.517541 -0.855658 -0.402194 
     { n j06 t 0.585795 0 -0 r 0 0.000001 -0  }
    }
    { n j09 t 0.192998 0 -0 r 1.570797 2.855783 0.774091 s 1 1 1 
     { n L_arm01 t 0.13153 -0 -0 r 0.000001 0.792932 -0 s 1 1 1 m 0.999993 -0.003773 -0 -0.089146 0 0 1 -0.035938 -0.003773 -0.999993 0 0.742832 
      { n L_arm02 t 0.2557 0 0.000001 r 0 0.022421 0 s 1 1 1 m 0.999826 0.018646 -0 -0.361413 0 0 1 -0.035938 0.018646 -0.999826 0 0.734914 
       { n L_hand t 0.160309 -0 -0 r 0 0 -0 s 1 1 1 m 0.999826 0.018647 -0 -0.521722 0 0 1 -0.035938 0.018647 -0.999826 0 0.734914 
        { n j10 t 0.253688 0 -0 r -0 0 -0 s 1 1 1  }
       }
      }
     }
    }
    { n j07 t 0.192998 0 -0 r 1.570796 2.855783 -0.774091 s 1 1 1 
     { n R_arm01 t 0.13153 -0 0 r -0.000001 -0.792932 -0 s 1 1 1 m -0.999993 -0.003773 -0.000001 -0.089146 -0.000001 0 1 -0.035938 -0.003773 0.999993 -0 -0.742833 
      { n R_arm02 t 0.2557 0 -0.000001 r 0 -0.02242 -0 s 1 1 1 m -0.999826 0.018646 -0.000001 -0.361412 -0.000001 0 1 -0.035939 0.018646 0.999826 -0 -0.734914 
       { n j08 t 0.413997 0 0 r 0 -0.000001 -0 s 1 1 1  }
      }
     }
    }
   }
  }
  { n body03 t 0.216214 -0 -0.000002 r 0 1.268027 0 s 1 1 1 m -0 -0.969406 0.245461 0.522707 1 -0 0 0 -0 0.245461 0.969406 -0.089221 
   { n j04 t 0.236733 0 0 r -1.570796 -2.893597 0.569181 s 1 1 1 
    { n L_leg01 t 0.21022 -0 -0 r 0 -2.572411 0.079044 s 1 1 1 m 0 -0.996878 0.078961 0.473428 0.000001 0.078961 0.996878 -0.053846 -1 -0 0.000001 0.113297 
     { n L_leg02 t 0.218745 0 -0 r 0 0.015463 -0.268633 s 1 1 1 m 0.014908 -0.981967 -0.188465 0.258122 0.004104 -0.188424 0.982079 0.015208 -0.99988 -0.015415 0.001221 0.117221 
      { n L_leg03 t 0.202153 0 0 r 2.715141 -2.613003 1.530663 s 1 1 1 m -0.016648 -0.154562 0.987843 0.015629 -0.116549 0.981545 0.151612 -0.044289 -0.993045 -0.112608 -0.034355 0.122061 
       { n j05 t 0.213968 0 0 r 0.001779 -0.009593 -0.073066 s 1 1 1  }
      }
     }
    }
   }
   { n j02 t 0.236733 0 0 r -1.570795 -2.893597 -0.569182 s 1 1 1 
    { n R_leg01 t 0.21022 -0 0 r 0.000001 2.57241 0.079043 s 1 1 1 m -0.000001 -0.996877 0.078961 0.473428 -0.000001 0.078961 0.996878 -0.053846 -1 0 -0.000001 -0.113297 
     { n R_leg02 t 0.218745 -0 -0 r 0 -0.015463 -0.268633 s 1 1 1 m -0.014908 -0.981967 -0.188465 0.258122 -0.004106 -0.188424 0.982079 0.015208 -0.999881 0.015415 -0.001223 -0.117221 
      { n R_leg03 t 0.202153 0 0 r -2.715127 2.612988 1.530662 s 1 1 1 m 0.016648 -0.154562 0.987843 0.015629 0.11655 0.981545 0.151612 -0.044289 -0.993045 0.112609 0.034355 -0.122061 
       { n j03 t 0.213968 -0 -0 r -0.001779 0.009593 -0.073066 s 1 1 1  }
      }
     }
    }
   }
  }
 }
 { n monster b monster r 0 0 0  }
}
