v yuka pnt 121
-12 0 12  0 1 0  0 1  
-9.6 0 12  0 1 0  0.1 1  
-7.2 0 12  0 1 0  0.2 1  
-4.8 0 12  0 1 0  0.3 1  
-2.4 0 12  0 1 0  0.4 1  
0 0 12  0 1 0  0.5 1  
2.400001 0 12  0 1 0  0.6 1  
4.8 0 12  0 1 0  0.7 1  
7.2 0 12  0 1 0  0.8 1  
9.6 0 12  0 1 0  0.9 1  
12 0 12  0 1 0  1 1  
-12 0 9.6  0 1 0  0 0.9  
-9.6 0 9.6  0 1 0  0.1 0.9  
-7.2 0 9.6  0 1 0  0.2 0.9  
-4.8 0 9.6  0 1 0  0.3 0.9  
-2.4 0 9.6  0 1 0  0.4 0.9  
0 0 9.6  0 1 0  0.5 0.9  
2.400001 0 9.6  0 1 0  0.6 0.9  
4.8 0 9.6  0 1 0  0.7 0.9  
7.2 0 9.6  0 1 0  0.8 0.9  
9.6 0 9.6  0 1 0  0.9 0.9  
12 0 9.6  0 1 0  1 0.9  
-12 0 7.2  0 1 0  0 0.8  
-9.6 0 7.2  0 1 0  0.1 0.8  
-7.2 0 7.2  0 1 0  0.2 0.8  
-4.8 0 7.2  0 1 0  0.3 0.8  
-2.4 0 7.2  0 1 0  0.4 0.8  
0 0 7.2  0 1 0  0.5 0.8  
2.400001 0 7.2  0 1 0  0.6 0.8  
4.8 0 7.2  0 1 0  0.7 0.8  
7.2 0 7.2  0 1 0  0.8 0.8  
9.6 0 7.2  0 1 0  0.9 0.8  
12 0 7.2  0 1 0  1 0.8  
-12 0 4.8  0 1 0  0 0.7  
-9.6 0 4.8  0 1 0  0.1 0.7  
-7.2 0 4.8  0 1 0  0.2 0.7  
-4.8 0 4.8  0 1 0  0.3 0.7  
-2.4 0 4.8  0 1 0  0.4 0.7  
0 0 4.8  0 1 0  0.5 0.7  
2.400001 0 4.8  0 1 0  0.6 0.7  
4.8 0 4.8  0 1 0  0.7 0.7  
7.2 0 4.8  0 1 0  0.8 0.7  
9.6 0 4.8  0 1 0  0.9 0.7  
12 0 4.8  0 1 0  1 0.7  
-12 0 2.4  0 1 0  0 0.6  
-9.6 0 2.4  0 1 0  0.1 0.6  
-7.2 0 2.4  0 1 0  0.2 0.6  
-4.8 0 2.4  0 1 0  0.3 0.6  
-2.4 0 2.4  0 1 0  0.4 0.6  
0 0 2.4  0 1 0  0.5 0.6  
2.400001 0 2.4  0 1 0  0.6 0.6  
4.8 0 2.4  0 1 0  0.7 0.6  
7.2 0 2.4  0 1 0  0.8 0.6  
9.6 0 2.4  0 1 0  0.9 0.6  
12 0 2.4  0 1 0  1 0.6  
-12 0 0  0 1 0  0 0.5  
-9.6 0 0  0 1 0  0.1 0.5  
-7.2 0 0  0 1 0  0.2 0.5  
-4.8 0 0  0 1 0  0.3 0.5  
-2.4 0 0  0 1 0  0.4 0.5  
0 0 0  0 1 0  0.5 0.5  
2.400001 0 0  0 1 0  0.6 0.5  
4.8 0 0  0 1 0  0.7 0.5  
7.2 0 0  0 1 0  0.8 0.5  
9.6 0 0  0 1 0  0.9 0.5  
12 0 0  0 1 0  1 0.5  
-12 0 -2.400001  0 1 0  0 0.4  
-9.6 0 -2.400001  0 1 0  0.1 0.4  
-7.2 0 -2.400001  0 1 0  0.2 0.4  
-4.8 0 -2.400001  0 1 0  0.3 0.4  
-2.4 0 -2.400001  0 1 0  0.4 0.4  
0 0 -2.400001  0 1 0  0.5 0.4  
2.400001 0 -2.400001  0 1 0  0.6 0.4  
4.8 0 -2.400001  0 1 0  0.7 0.4  
7.2 0 -2.400001  0 1 0  0.8 0.4  
9.6 0 -2.400001  0 1 0  0.9 0.4  
12 0 -2.400001  0 1 0  1 0.4  
-12 0 -4.8  0 1 0  0 0.3  
-9.6 0 -4.8  0 1 0  0.1 0.3  
-7.2 0 -4.8  0 1 0  0.2 0.3  
-4.8 0 -4.8  0 1 0  0.3 0.3  
-2.4 0 -4.8  0 1 0  0.4 0.3  
0 0 -4.8  0 1 0  0.5 0.3  
2.400001 0 -4.8  0 1 0  0.6 0.3  
4.8 0 -4.8  0 1 0  0.7 0.3  
7.2 0 -4.8  0 1 0  0.8 0.3  
9.6 0 -4.8  0 1 0  0.9 0.3  
12 0 -4.8  0 1 0  1 0.3  
-12 0 -7.2  0 1 0  0 0.2  
-9.6 0 -7.2  0 1 0  0.1 0.2  
-7.2 0 -7.2  0 1 0  0.2 0.2  
-4.8 0 -7.2  0 1 0  0.3 0.2  
-2.4 0 -7.2  0 1 0  0.4 0.2  
0 0 -7.2  0 1 0  0.5 0.2  
2.400001 0 -7.2  0 1 0  0.6 0.2  
4.8 0 -7.2  0 1 0  0.7 0.2  
7.2 0 -7.2  0 1 0  0.8 0.2  
9.6 0 -7.2  0 1 0  0.9 0.2  
12 0 -7.2  0 1 0  1 0.2  
-12 0 -9.6  0 1 0  0 0.1  
-9.6 0 -9.6  0 1 0  0.1 0.1  
-7.2 0 -9.6  0 1 0  0.2 0.1  
-4.8 0 -9.6  0 1 0  0.3 0.1  
-2.4 0 -9.6  0 1 0  0.4 0.1  
0 0 -9.6  0 1 0  0.5 0.1  
2.400001 0 -9.6  0 1 0  0.6 0.1  
4.8 0 -9.6  0 1 0  0.7 0.1  
7.2 0 -9.6  0 1 0  0.8 0.1  
9.6 0 -9.6  0 1 0  0.9 0.1  
12 0 -9.6  0 1 0  1 0.1  
-12 0 -12  0 1 0  0 0  
-9.6 0 -12  0 1 0  0.1 0  
-7.2 0 -12  0 1 0  0.2 0  
-4.8 0 -12  0 1 0  0.3 0  
-2.4 0 -12  0 1 0  0.4 0  
0 0 -12  0 1 0  0.5 0  
2.400001 0 -12  0 1 0  0.6 0  
4.8 0 -12  0 1 0  0.7 0  
7.2 0 -12  0 1 0  0.8 0  
9.6 0 -12  0 1 0  0.9 0  
12 0 -12  0 1 0  1 0  
i yuka 600
0 1 11 
11 1 12 
1 2 12 
12 2 13 
2 3 13 
13 3 14 
3 4 14 
14 4 15 
4 5 15 
15 5 16 
5 6 16 
16 6 17 
6 7 17 
17 7 18 
7 8 18 
18 8 19 
8 9 19 
19 9 20 
9 10 20 
20 10 21 
11 12 22 
22 12 23 
12 13 23 
23 13 24 
13 14 24 
24 14 25 
14 15 25 
25 15 26 
15 16 26 
26 16 27 
16 17 27 
27 17 28 
17 18 28 
28 18 29 
18 19 29 
29 19 30 
19 20 30 
30 20 31 
20 21 31 
31 21 32 
22 23 33 
33 23 34 
23 24 34 
34 24 35 
24 25 35 
35 25 36 
25 26 36 
36 26 37 
26 27 37 
37 27 38 
27 28 38 
38 28 39 
28 29 39 
39 29 40 
29 30 40 
40 30 41 
30 31 41 
41 31 42 
31 32 42 
42 32 43 
33 34 44 
44 34 45 
34 35 45 
45 35 46 
35 36 46 
46 36 47 
36 37 47 
47 37 48 
37 38 48 
48 38 49 
38 39 49 
49 39 50 
39 40 50 
50 40 51 
40 41 51 
51 41 52 
41 42 52 
52 42 53 
42 43 53 
53 43 54 
44 45 55 
55 45 56 
45 46 56 
56 46 57 
46 47 57 
57 47 58 
47 48 58 
58 48 59 
48 49 59 
59 49 60 
49 50 60 
60 50 61 
50 51 61 
61 51 62 
51 52 62 
62 52 63 
52 53 63 
63 53 64 
53 54 64 
64 54 65 
55 56 66 
66 56 67 
56 57 67 
67 57 68 
57 58 68 
68 58 69 
58 59 69 
69 59 70 
59 60 70 
70 60 71 
60 61 71 
71 61 72 
61 62 72 
72 62 73 
62 63 73 
73 63 74 
63 64 74 
74 64 75 
64 65 75 
75 65 76 
66 67 77 
77 67 78 
67 68 78 
78 68 79 
68 69 79 
79 69 80 
69 70 80 
80 70 81 
70 71 81 
81 71 82 
71 72 82 
82 72 83 
72 73 83 
83 73 84 
73 74 84 
84 74 85 
74 75 85 
85 75 86 
75 76 86 
86 76 87 
77 78 88 
88 78 89 
78 79 89 
89 79 90 
79 80 90 
90 80 91 
80 81 91 
91 81 92 
81 82 92 
92 82 93 
82 83 93 
93 83 94 
83 84 94 
94 84 95 
84 85 95 
95 85 96 
85 86 96 
96 86 97 
86 87 97 
97 87 98 
88 89 99 
99 89 100 
89 90 100 
100 90 101 
90 91 101 
101 91 102 
91 92 102 
102 92 103 
92 93 103 
103 93 104 
93 94 104 
104 94 105 
94 95 105 
105 95 106 
95 96 106 
106 96 107 
96 97 107 
107 97 108 
97 98 108 
108 98 109 
99 100 110 
110 100 111 
100 101 111 
111 101 112 
101 102 112 
112 102 113 
102 103 113 
113 103 114 
103 104 114 
114 104 115 
104 105 115 
115 105 116 
105 106 116 
116 106 117 
106 107 117 
117 107 118 
107 108 118 
118 108 119 
108 109 119 
119 109 120 
x yuka Assets/textures/stage/stage01/yuka.png
b yuka yuka yuka 1
0 200 yuka
v kabe pnt 121
0 24 -12  1 0 0  0 1  
0 24 -9.6  1 0 0  0.1 1  
0 24 -7.2  1 0 0  0.2 1  
0 24 -4.8  1 0 0  0.3 1  
0 24 -2.4  1 0 0  0.4 1  
0 24 0  1 0 0  0.5 1  
0 24 2.400001  1 0 0  0.6 1  
0 24 4.8  1 0 0  0.7 1  
0 24 7.2  1 0 0  0.8 1  
0 24 9.6  1 0 0  0.9 1  
0 24 12  1 0 0  1 1  
0 21.6 -12  1 0 0  0 0.9  
0 21.6 -9.6  1 0 0  0.1 0.9  
0 21.6 -7.2  1 0 0  0.2 0.9  
0 21.6 -4.8  1 0 0  0.3 0.9  
0 21.6 -2.4  1 0 0  0.4 0.9  
0 21.6 0  1 0 0  0.5 0.9  
0 21.6 2.400001  1 0 0  0.6 0.9  
0 21.6 4.8  1 0 0  0.7 0.9  
0 21.6 7.2  1 0 0  0.8 0.9  
0 21.6 9.6  1 0 0  0.9 0.9  
0 21.6 12  1 0 0  1 0.9  
0 19.200001 -12  1 0 0  0 0.8  
0 19.200001 -9.6  1 0 0  0.1 0.8  
0 19.200001 -7.2  1 0 0  0.2 0.8  
0 19.200001 -4.8  1 0 0  0.3 0.8  
0 19.200001 -2.4  1 0 0  0.4 0.8  
0 19.200001 0  1 0 0  0.5 0.8  
0 19.200001 2.400001  1 0 0  0.6 0.8  
0 19.200001 4.8  1 0 0  0.7 0.8  
0 19.200001 7.2  1 0 0  0.8 0.8  
0 19.200001 9.600001  1 0 0  0.9 0.8  
0 19.200001 12  1 0 0  1 0.8  
0 16.799999 -12  1 0 0  0 0.7  
0 16.799999 -9.6  1 0 0  0.1 0.7  
0 16.799999 -7.2  1 0 0  0.2 0.7  
0 16.799999 -4.8  1 0 0  0.3 0.7  
0 16.799999 -2.4  1 0 0  0.4 0.7  
0 16.799999 0  1 0 0  0.5 0.7  
0 16.799999 2.400001  1 0 0  0.6 0.7  
0 16.799999 4.8  1 0 0  0.7 0.7  
0 16.799999 7.2  1 0 0  0.8 0.7  
0 16.799999 9.6  1 0 0  0.9 0.7  
0 16.799999 12  1 0 0  1 0.7  
0 14.4 -12  1 0 0  0 0.6  
0 14.4 -9.599999  1 0 0  0.1 0.6  
0 14.4 -7.2  1 0 0  0.2 0.6  
0 14.4 -4.8  1 0 0  0.3 0.6  
0 14.4 -2.4  1 0 0  0.4 0.6  
0 14.4 0  1 0 0  0.5 0.6  
0 14.4 2.400001  1 0 0  0.6 0.6  
0 14.4 4.8  1 0 0  0.7 0.6  
0 14.4 7.2  1 0 0  0.8 0.6  
0 14.4 9.600001  1 0 0  0.9 0.6  
0 14.4 12  1 0 0  1 0.6  
0 12 -12  1 0 0  0 0.5  
0 12 -9.6  1 0 0  0.1 0.5  
0 12 -7.2  1 0 0  0.2 0.5  
0 12 -4.8  1 0 0  0.3 0.5  
0 12 -2.4  1 0 0  0.4 0.5  
0 12 0  1 0 0  0.5 0.5  
0 12 2.400001  1 0 0  0.6 0.5  
0 12 4.8  1 0 0  0.7 0.5  
0 12 7.2  1 0 0  0.8 0.5  
0 12 9.6  1 0 0  0.9 0.5  
0 12 12  1 0 0  1 0.5  
0 9.599998 -12  1 0 0  0 0.4  
0 9.599998 -9.6  1 0 0  0.1 0.4  
0 9.599998 -7.2  1 0 0  0.2 0.4  
0 9.599998 -4.8  1 0 0  0.3 0.4  
0 9.599998 -2.4  1 0 0  0.4 0.4  
0 9.599998 0  1 0 0  0.5 0.4  
0 9.599998 2.400001  1 0 0  0.6 0.4  
0 9.599998 4.8  1 0 0  0.7 0.4  
0 9.599998 7.2  1 0 0  0.8 0.4  
0 9.599998 9.6  1 0 0  0.9 0.4  
0 9.599998 12  1 0 0  1 0.4  
0 7.200001 -12  1 0 0  0 0.3  
0 7.200001 -9.6  1 0 0  0.1 0.3  
0 7.200001 -7.2  1 0 0  0.2 0.3  
0 7.200001 -4.8  1 0 0  0.3 0.3  
0 7.200001 -2.4  1 -0 0  0.4 0.3  
0 7.200001 0  1 -0 0  0.5 0.3  
0 7.200001 2.400001  1 0 0  0.6 0.3  
0 7.200001 4.8  1 0 0  0.7 0.3  
0 7.200001 7.2  1 0 0  0.8 0.3  
0 7.200001 9.600001  1 0 0  0.9 0.3  
0 7.200001 12  1 0 0  1 0.3  
0 4.8 -12  1 0 0  0 0.2  
0 4.8 -9.6  1 0 0  0.1 0.2  
0 4.8 -7.2  1 0 0  0.2 0.2  
0 4.8 -4.8  1 0 0  0.3 0.2  
0 4.8 -2.4  1 0 0  0.4 0.2  
0 4.8 0  1 0 0  0.5 0.2  
0 4.8 2.400001  1 0 0  0.6 0.2  
0 4.8 4.8  1 0 0  0.7 0.2  
0 4.8 7.2  1 0 0  0.8 0.2  
0 4.8 9.6  1 0 0  0.9 0.2  
0 4.8 12  1 0 0  1 0.2  
0 2.4 -12  1 0 0  0 0.1  
0 2.4 -9.599999  1 0 0  0.1 0.1  
0 2.4 -7.2  1 0 0  0.2 0.1  
0 2.4 -4.8  1 0 0  0.3 0.1  
0 2.4 -2.4  1 0 0  0.4 0.1  
0 2.4 0  1 0 0  0.5 0.1  
0 2.4 2.400001  1 0 0  0.6 0.1  
0 2.4 4.8  1 0 0  0.7 0.1  
0 2.4 7.2  1 0 0  0.8 0.1  
0 2.4 9.600001  1 0 0  0.9 0.1  
0 2.4 12  1 0 0  1 0.1  
0 0 -12  1 0 0  0 0  
0 0 -9.6  1 0 0  0.1 0  
0 0 -7.2  1 0 0  0.2 0  
0 0 -4.8  1 0 0  0.3 0  
0 0 -2.4  1 0 0  0.4 0  
0 0 0  1 0 0  0.5 0  
0 0 2.400001  1 0 0  0.6 0  
0 0 4.8  1 0 0  0.7 0  
0 0 7.2  1 0 0  0.8 0  
0 0 9.6  1 0 0  0.9 0  
0 0 12  1 0 0  1 0  
i kabe 600
0 1 11 
11 1 12 
1 2 12 
12 2 13 
2 3 13 
13 3 14 
3 4 14 
14 4 15 
4 5 15 
15 5 16 
5 6 16 
16 6 17 
6 7 17 
17 7 18 
7 8 18 
18 8 19 
8 9 19 
19 9 20 
9 10 20 
20 10 21 
11 12 22 
22 12 23 
12 13 23 
23 13 24 
13 14 24 
24 14 25 
14 15 25 
25 15 26 
15 16 26 
26 16 27 
16 17 27 
27 17 28 
17 18 28 
28 18 29 
18 19 29 
29 19 30 
19 20 30 
30 20 31 
20 21 31 
31 21 32 
22 23 33 
33 23 34 
23 24 34 
34 24 35 
24 25 35 
35 25 36 
25 26 36 
36 26 37 
26 27 37 
37 27 38 
27 28 38 
38 28 39 
28 29 39 
39 29 40 
29 30 40 
40 30 41 
30 31 41 
41 31 42 
31 32 42 
42 32 43 
33 34 44 
44 34 45 
34 35 45 
45 35 46 
35 36 46 
46 36 47 
36 37 47 
47 37 48 
37 38 48 
48 38 49 
38 39 49 
49 39 50 
39 40 50 
50 40 51 
40 41 51 
51 41 52 
41 42 52 
52 42 53 
42 43 53 
53 43 54 
44 45 55 
55 45 56 
45 46 56 
56 46 57 
46 47 57 
57 47 58 
47 48 58 
58 48 59 
48 49 59 
59 49 60 
49 50 60 
60 50 61 
50 51 61 
61 51 62 
51 52 62 
62 52 63 
52 53 63 
63 53 64 
53 54 64 
64 54 65 
55 56 66 
66 56 67 
56 57 67 
67 57 68 
57 58 68 
68 58 69 
58 59 69 
69 59 70 
59 60 70 
70 60 71 
60 61 71 
71 61 72 
61 62 72 
72 62 73 
62 63 73 
73 63 74 
63 64 74 
74 64 75 
64 65 75 
75 65 76 
66 67 77 
77 67 78 
67 68 78 
78 68 79 
68 69 79 
79 69 80 
69 70 80 
80 70 81 
70 71 81 
81 71 82 
71 72 82 
82 72 83 
72 73 83 
83 73 84 
73 74 84 
84 74 85 
74 75 85 
85 75 86 
75 76 86 
86 76 87 
77 78 88 
88 78 89 
78 79 89 
89 79 90 
79 80 90 
90 80 91 
80 81 91 
91 81 92 
81 82 92 
92 82 93 
82 83 93 
93 83 94 
83 84 94 
94 84 95 
84 85 95 
95 85 96 
85 86 96 
96 86 97 
86 87 97 
97 87 98 
88 89 99 
99 89 100 
89 90 100 
100 90 101 
90 91 101 
101 91 102 
91 92 102 
102 92 103 
92 93 103 
103 93 104 
93 94 104 
104 94 105 
94 95 105 
105 95 106 
95 96 106 
106 96 107 
96 97 107 
107 97 108 
97 98 108 
108 98 109 
99 100 110 
110 100 111 
100 101 111 
111 101 112 
101 102 112 
112 102 113 
102 103 113 
113 103 114 
103 104 114 
114 104 115 
104 105 115 
115 105 116 
105 106 116 
116 106 117 
106 107 117 
117 107 118 
107 108 118 
118 108 119 
108 109 119 
119 109 120 
x kabe Assets/textures/stage/stage01/kabe.png
b kabe kabe kabe 1
0 200 kabe
v kabe2 pnt 121
-12 24 0  0 0 -1  0 1  
-9.599999 24 0  0 0 -1  0.1 1  
-7.2 24 0  0 0 -1  0.2 1  
-4.8 24 0  0 0 -1  0.3 1  
-2.4 24 0  0 0 -1  0.4 1  
0 24 0  0 0 -1  0.5 1  
2.400001 24 0  0 0 -1  0.6 1  
4.8 24 0  0 0 -1  0.7 1  
7.2 24 0  0 0 -1  0.8 1  
9.6 24 0  0 0 -1  0.9 1  
12 24 0  0 0 -1  1 1  
-12 21.6 0  0 0 -1  0 0.9  
-9.599999 21.6 0  0 0 -1  0.1 0.9  
-7.2 21.6 0  0 0 -1  0.2 0.9  
-4.8 21.6 0  0 0 -1  0.3 0.9  
-2.4 21.6 0  0 0 -1  0.4 0.9  
0 21.6 0  0 0 -1  0.5 0.9  
2.400001 21.6 0  0 0 -1  0.6 0.9  
4.8 21.6 0  0 0 -1  0.7 0.9  
7.2 21.6 0  0 0 -1  0.8 0.9  
9.6 21.6 0  0 0 -1  0.9 0.9  
12 21.6 0  0 0 -1  1 0.9  
-12 19.200001 0  0 0 -1  0 0.8  
-9.599999 19.200001 0  0 0 -1  0.1 0.8  
-7.2 19.200001 0  0 0 -1  0.2 0.8  
-4.8 19.200001 0  0 0 -1  0.3 0.8  
-2.4 19.200001 0  0 0 -1  0.4 0.8  
0 19.200001 0  0 0 -1  0.5 0.8  
2.400001 19.200001 0  0 0 -1  0.6 0.8  
4.8 19.200001 0  0 0 -1  0.7 0.8  
7.2 19.200001 0  0 0 -1  0.8 0.8  
9.6 19.200001 0  0 0 -1  0.9 0.8  
12 19.200001 0  0 0 -1  1 0.8  
-12 16.799999 0  0 0 -1  0 0.7  
-9.599999 16.799999 0  0 0 -1  0.1 0.7  
-7.2 16.799999 0  0 0 -1  0.2 0.7  
-4.8 16.799999 0  0 0 -1  0.3 0.7  
-2.4 16.799999 0  0 0 -1  0.4 0.7  
0 16.799999 0  0 0 -1  0.5 0.7  
2.400001 16.799999 0  0 0 -1  0.6 0.7  
4.8 16.799999 0  0 0 -1  0.7 0.7  
7.2 16.799999 0  0 0 -1  0.8 0.7  
9.6 16.799999 0  0 0 -1  0.9 0.7  
12 16.799999 0  0 0 -1  1 0.7  
-12 14.4 0  0 0 -1  0 0.6  
-9.599999 14.4 0  0 0 -1  0.1 0.6  
-7.2 14.4 0  0 0 -1  0.2 0.6  
-4.8 14.4 0  0 0 -1  0.3 0.6  
-2.4 14.4 0  0 0 -1  0.4 0.6  
0 14.4 0  0 0 -1  0.5 0.6  
2.400001 14.4 0  0 0 -1  0.6 0.6  
4.8 14.4 0  0 0 -1  0.7 0.6  
7.2 14.4 0  0 0 -1  0.8 0.6  
9.6 14.4 0  0 0 -1  0.9 0.6  
12 14.4 0  0 0 -1  1 0.6  
-12 12 0  0 0 -1  0 0.5  
-9.599999 12 0  0 0 -1  0.1 0.5  
-7.2 12 0  0 0 -1  0.2 0.5  
-4.8 12 0  0 0 -1  0.3 0.5  
-2.4 12 0  0 0 -1  0.4 0.5  
0 12 0  0 0 -1  0.5 0.5  
2.400001 12 0  0 0 -1  0.6 0.5  
4.8 12 0  0 0 -1  0.7 0.5  
7.2 12 0  0 0 -1  0.8 0.5  
9.6 12 0  0 0 -1  0.9 0.5  
12 12 0  0 0 -1  1 0.5  
-12 9.599998 0  0 0 -1  0 0.4  
-9.599999 9.599998 0  0 0 -1  0.1 0.4  
-7.2 9.599998 0  0 0 -1  0.2 0.4  
-4.8 9.599998 0  0 0 -1  0.3 0.4  
-2.4 9.599998 0  0 0 -1  0.4 0.4  
0 9.599998 0  0 0 -1  0.5 0.4  
2.400001 9.599998 0  0 0 -1  0.6 0.4  
4.8 9.599998 0  0 0 -1  0.7 0.4  
7.2 9.599998 0  0 0 -1  0.8 0.4  
9.6 9.599998 0  0 0 -1  0.9 0.4  
12 9.599998 0  0 0 -1  1 0.4  
-12 7.200001 0  0 0 -1  0 0.3  
-9.599999 7.200001 0  0 0 -1  0.1 0.3  
-7.2 7.200001 0  0 0 -1  0.2 0.3  
-4.8 7.200001 0  0 0 -1  0.3 0.3  
-2.4 7.200001 0  0 0 -1  0.4 0.3  
0 7.200001 0  0 0 -1  0.5 0.3  
2.400001 7.200001 0  0 0 -1  0.6 0.3  
4.8 7.200001 0  0 0 -1  0.7 0.3  
7.2 7.200001 0  0 0 -1  0.8 0.3  
9.6 7.200001 0  0 0 -1  0.9 0.3  
12 7.200001 0  0 0 -1  1 0.3  
-12 4.8 0  0 0 -1  0 0.2  
-9.599999 4.8 0  0 0 -1  0.1 0.2  
-7.2 4.8 0  0 0 -1  0.2 0.2  
-4.8 4.8 0  0 0 -1  0.3 0.2  
-2.4 4.8 0  0 0 -1  0.4 0.2  
0 4.8 0  0 0 -1  0.5 0.2  
2.400001 4.8 0  0 0 -1  0.6 0.2  
4.8 4.8 0  0 0 -1  0.7 0.2  
7.2 4.8 0  0 0 -1  0.8 0.2  
9.6 4.8 0  0 0 -1  0.9 0.2  
12 4.8 0  0 0 -1  1 0.2  
-12 2.4 0  0 0 -1  0 0.1  
-9.599999 2.4 0  0 0 -1  0.1 0.1  
-7.2 2.4 0  0 0 -1  0.2 0.1  
-4.8 2.4 0  0 0 -1  0.3 0.1  
-2.4 2.4 0  0 0 -1  0.4 0.1  
0 2.4 0  0 0 -1  0.5 0.1  
2.400001 2.4 0  0 0 -1  0.6 0.1  
4.8 2.4 0  0 0 -1  0.7 0.1  
7.2 2.4 0  0 0 -1  0.8 0.1  
9.6 2.4 0  0 0 -1  0.9 0.1  
12 2.4 0  0 0 -1  1 0.1  
-12 0 0  0 0 -1  0 0  
-9.599999 0 0  0 0 -1  0.1 0  
-7.2 0 0  0 0 -1  0.2 0  
-4.8 0 0  0 0 -1  0.3 0  
-2.4 0 0  0 0 -1  0.4 0  
0 0 0  0 0 -1  0.5 0  
2.400001 0 0  0 0 -1  0.6 0  
4.8 0 0  0 0 -1  0.7 0  
7.2 0 0  0 0 -1  0.8 0  
9.6 0 0  0 0 -1  0.9 0  
12 0 0  0 0 -1  1 0  
i kabe2 600
0 1 11 
11 1 12 
1 2 12 
12 2 13 
2 3 13 
13 3 14 
3 4 14 
14 4 15 
4 5 15 
15 5 16 
5 6 16 
16 6 17 
6 7 17 
17 7 18 
7 8 18 
18 8 19 
8 9 19 
19 9 20 
9 10 20 
20 10 21 
11 12 22 
22 12 23 
12 13 23 
23 13 24 
13 14 24 
24 14 25 
14 15 25 
25 15 26 
15 16 26 
26 16 27 
16 17 27 
27 17 28 
17 18 28 
28 18 29 
18 19 29 
29 19 30 
19 20 30 
30 20 31 
20 21 31 
31 21 32 
22 23 33 
33 23 34 
23 24 34 
34 24 35 
24 25 35 
35 25 36 
25 26 36 
36 26 37 
26 27 37 
37 27 38 
27 28 38 
38 28 39 
28 29 39 
39 29 40 
29 30 40 
40 30 41 
30 31 41 
41 31 42 
31 32 42 
42 32 43 
33 34 44 
44 34 45 
34 35 45 
45 35 46 
35 36 46 
46 36 47 
36 37 47 
47 37 48 
37 38 48 
48 38 49 
38 39 49 
49 39 50 
39 40 50 
50 40 51 
40 41 51 
51 41 52 
41 42 52 
52 42 53 
42 43 53 
53 43 54 
44 45 55 
55 45 56 
45 46 56 
56 46 57 
46 47 57 
57 47 58 
47 48 58 
58 48 59 
48 49 59 
59 49 60 
49 50 60 
60 50 61 
50 51 61 
61 51 62 
51 52 62 
62 52 63 
52 53 63 
63 53 64 
53 54 64 
64 54 65 
55 56 66 
66 56 67 
56 57 67 
67 57 68 
57 58 68 
68 58 69 
58 59 69 
69 59 70 
59 60 70 
70 60 71 
60 61 71 
71 61 72 
61 62 72 
72 62 73 
62 63 73 
73 63 74 
63 64 74 
74 64 75 
64 65 75 
75 65 76 
66 67 77 
77 67 78 
67 68 78 
78 68 79 
68 69 79 
79 69 80 
69 70 80 
80 70 81 
70 71 81 
81 71 82 
71 72 82 
82 72 83 
72 73 83 
83 73 84 
73 74 84 
84 74 85 
74 75 85 
85 75 86 
75 76 86 
86 76 87 
77 78 88 
88 78 89 
78 79 89 
89 79 90 
79 80 90 
90 80 91 
80 81 91 
91 81 92 
81 82 92 
92 82 93 
82 83 93 
93 83 94 
83 84 94 
94 84 95 
84 85 95 
95 85 96 
85 86 96 
96 86 97 
86 87 97 
97 87 98 
88 89 99 
99 89 100 
89 90 100 
100 90 101 
90 91 101 
101 91 102 
91 92 102 
102 92 103 
92 93 103 
103 93 104 
93 94 104 
104 94 105 
94 95 105 
105 95 106 
95 96 106 
106 96 107 
96 97 107 
107 97 108 
97 98 108 
108 98 109 
99 100 110 
110 100 111 
100 101 111 
111 101 112 
101 102 112 
112 102 113 
102 103 113 
113 103 114 
103 104 114 
114 104 115 
104 105 115 
115 105 116 
105 106 116 
116 106 117 
106 107 117 
117 107 118 
107 108 118 
118 108 119 
108 109 119 
119 109 120 
b kabe2 kabe2 kabe2 1
0 200 kabe
v kabe4 pnt 121
0 24 12  -1 0 0  0 1  
0 24 9.6  -1 0 0  0.1 1  
0 24 7.2  -1 0 0  0.2 1  
0 24 4.8  -1 0 0  0.3 1  
0 24 2.4  -1 0 0  0.4 1  
0 24 0  -1 0 0  0.5 1  
0 24 -2.400001  -1 0 0  0.6 1  
0 24 -4.8  -1 0 0  0.7 1  
0 24 -7.2  -1 0 0  0.8 1  
0 24 -9.6  -1 0 0  0.9 1  
0 24 -12  -1 0 0  1 1  
0 21.6 12  -1 0 0  0 0.9  
0 21.6 9.599999  -1 0 0  0.1 0.9  
0 21.6 7.2  -1 0 0  0.2 0.9  
0 21.6 4.8  -1 0 0  0.3 0.9  
0 21.6 2.4  -1 0 0  0.4 0.9  
0 21.6 0  -1 0 0  0.5 0.9  
0 21.6 -2.400001  -1 0 0  0.6 0.9  
0 21.6 -4.8  -1 0 0  0.7 0.9  
0 21.6 -7.2  -1 0 0  0.8 0.9  
0 21.6 -9.600001  -1 0 0  0.9 0.9  
0 21.6 -12  -1 0 0  1 0.9  
0 19.200001 12  -1 0 0  0 0.8  
0 19.200001 9.6  -1 0 0  0.1 0.8  
0 19.200001 7.2  -1 0 0  0.2 0.8  
0 19.200001 4.8  -1 0 0  0.3 0.8  
0 19.200001 2.4  -1 0 0  0.4 0.8  
0 19.200001 0  -1 0 0  0.5 0.8  
0 19.200001 -2.400001  -1 0 0  0.6 0.8  
0 19.200001 -4.8  -1 0 0  0.7 0.8  
0 19.200001 -7.2  -1 0 0  0.8 0.8  
0 19.200001 -9.6  -1 0 0  0.9 0.8  
0 19.200001 -12  -1 0 0  1 0.8  
0 16.799999 12  -1 0 0  0 0.7  
0 16.799999 9.6  -1 0 0  0.1 0.7  
0 16.799999 7.2  -1 0 0  0.2 0.7  
0 16.799999 4.8  -1 0 0  0.3 0.7  
0 16.799999 2.4  -1 0 0  0.4 0.7  
0 16.799999 0  -1 0 0  0.5 0.7  
0 16.799999 -2.400001  -1 0 0  0.6 0.7  
0 16.799999 -4.8  -1 0 0  0.7 0.7  
0 16.799999 -7.2  -1 0 0  0.8 0.7  
0 16.799999 -9.600001  -1 0 0  0.9 0.7  
0 16.799999 -12  -1 0 0  1 0.7  
0 14.4 12  -1 0 0  0 0.6  
0 14.4 9.6  -1 0 0  0.1 0.6  
0 14.4 7.2  -1 0 0  0.2 0.6  
0 14.4 4.8  -1 0 0  0.3 0.6  
0 14.4 2.4  -1 0 0  0.4 0.6  
0 14.4 0  -1 0 0  0.5 0.6  
0 14.4 -2.400001  -1 0 0  0.6 0.6  
0 14.4 -4.8  -1 0 0  0.7 0.6  
0 14.4 -7.2  -1 0 0  0.8 0.6  
0 14.4 -9.6  -1 0 0  0.9 0.6  
0 14.4 -12  -1 0 0  1 0.6  
0 12 12  -1 0 0  0 0.5  
0 12 9.6  -1 0 0  0.1 0.5  
0 12 7.2  -1 0 0  0.2 0.5  
0 12 4.8  -1 0 0  0.3 0.5  
0 12 2.4  -1 0 0  0.4 0.5  
0 12 0  -1 0 0  0.5 0.5  
0 12 -2.400001  -1 0 0  0.6 0.5  
0 12 -4.8  -1 0 0  0.7 0.5  
0 12 -7.2  -1 0 0  0.8 0.5  
0 12 -9.6  -1 0 0  0.9 0.5  
0 12 -12  -1 0 0  1 0.5  
0 9.599998 12  -1 0 0  0 0.4  
0 9.599998 9.599999  -1 0 0  0.1 0.4  
0 9.599998 7.2  -1 0 0  0.2 0.4  
0 9.599998 4.8  -1 0 0  0.3 0.4  
0 9.599998 2.4  -1 0 0  0.4 0.4  
0 9.599998 0  -1 -0 0  0.5 0.4  
0 9.599998 -2.400001  -1 0 0  0.6 0.4  
0 9.599998 -4.8  -1 0 0  0.7 0.4  
0 9.599998 -7.2  -1 0 0  0.8 0.4  
0 9.599998 -9.600001  -1 0 0  0.9 0.4  
0 9.599998 -12  -1 0 0  1 0.4  
0 7.200001 12  -1 0 0  0 0.3  
0 7.200001 9.6  -1 0 0  0.1 0.3  
0 7.200001 7.2  -1 0 0  0.2 0.3  
0 7.200001 4.8  -1 0 0  0.3 0.3  
0 7.200001 2.4  -1 -0 0  0.4 0.3  
0 7.200001 0  -1 -0 0  0.5 0.3  
0 7.200001 -2.400001  -1 0 0  0.6 0.3  
0 7.200001 -4.8  -1 0 0  0.7 0.3  
0 7.200001 -7.2  -1 0 0  0.8 0.3  
0 7.200001 -9.6  -1 0 0  0.9 0.3  
0 7.200001 -12  -1 0 0  1 0.3  
0 4.8 12  -1 0 0  0 0.2  
0 4.8 9.6  -1 0 0  0.1 0.2  
0 4.8 7.2  -1 0 0  0.2 0.2  
0 4.8 4.8  -1 0 0  0.3 0.2  
0 4.8 2.4  -1 0 0  0.4 0.2  
0 4.8 0  -1 0 0  0.5 0.2  
0 4.8 -2.400001  -1 0 0  0.6 0.2  
0 4.8 -4.8  -1 0 0  0.7 0.2  
0 4.8 -7.2  -1 0 0  0.8 0.2  
0 4.8 -9.600001  -1 0 0  0.9 0.2  
0 4.8 -12  -1 0 0  1 0.2  
0 2.4 12  -1 0 0  0 0.1  
0 2.4 9.6  -1 0 0  0.1 0.1  
0 2.4 7.2  -1 0 0  0.2 0.1  
0 2.4 4.8  -1 0 0  0.3 0.1  
0 2.4 2.4  -1 0 0  0.4 0.1  
0 2.4 0  -1 0 0  0.5 0.1  
0 2.4 -2.400001  -1 0 0  0.6 0.1  
0 2.4 -4.8  -1 0 0  0.7 0.1  
0 2.4 -7.2  -1 0 0  0.8 0.1  
0 2.4 -9.6  -1 0 0  0.9 0.1  
0 2.4 -12  -1 0 0  1 0.1  
0 0 12  -1 0 0  0 0  
0 0 9.6  -1 0 0  0.1 0  
0 0 7.2  -1 0 0  0.2 0  
0 0 4.8  -1 0 0  0.3 0  
0 0 2.4  -1 0 0  0.4 0  
0 0 0  -1 0 0  0.5 0  
0 0 -2.400001  -1 0 0  0.6 0  
0 0 -4.8  -1 0 0  0.7 0  
0 0 -7.2  -1 0 0  0.8 0  
0 0 -9.6  -1 0 0  0.9 0  
0 0 -12  -1 0 0  1 0  
i kabe4 600
0 1 11 
11 1 12 
1 2 12 
12 2 13 
2 3 13 
13 3 14 
3 4 14 
14 4 15 
4 5 15 
15 5 16 
5 6 16 
16 6 17 
6 7 17 
17 7 18 
7 8 18 
18 8 19 
8 9 19 
19 9 20 
9 10 20 
20 10 21 
11 12 22 
22 12 23 
12 13 23 
23 13 24 
13 14 24 
24 14 25 
14 15 25 
25 15 26 
15 16 26 
26 16 27 
16 17 27 
27 17 28 
17 18 28 
28 18 29 
18 19 29 
29 19 30 
19 20 30 
30 20 31 
20 21 31 
31 21 32 
22 23 33 
33 23 34 
23 24 34 
34 24 35 
24 25 35 
35 25 36 
25 26 36 
36 26 37 
26 27 37 
37 27 38 
27 28 38 
38 28 39 
28 29 39 
39 29 40 
29 30 40 
40 30 41 
30 31 41 
41 31 42 
31 32 42 
42 32 43 
33 34 44 
44 34 45 
34 35 45 
45 35 46 
35 36 46 
46 36 47 
36 37 47 
47 37 48 
37 38 48 
48 38 49 
38 39 49 
49 39 50 
39 40 50 
50 40 51 
40 41 51 
51 41 52 
41 42 52 
52 42 53 
42 43 53 
53 43 54 
44 45 55 
55 45 56 
45 46 56 
56 46 57 
46 47 57 
57 47 58 
47 48 58 
58 48 59 
48 49 59 
59 49 60 
49 50 60 
60 50 61 
50 51 61 
61 51 62 
51 52 62 
62 52 63 
52 53 63 
63 53 64 
53 54 64 
64 54 65 
55 56 66 
66 56 67 
56 57 67 
67 57 68 
57 58 68 
68 58 69 
58 59 69 
69 59 70 
59 60 70 
70 60 71 
60 61 71 
71 61 72 
61 62 72 
72 62 73 
62 63 73 
73 63 74 
63 64 74 
74 64 75 
64 65 75 
75 65 76 
66 67 77 
77 67 78 
67 68 78 
78 68 79 
68 69 79 
79 69 80 
69 70 80 
80 70 81 
70 71 81 
81 71 82 
71 72 82 
82 72 83 
72 73 83 
83 73 84 
73 74 84 
84 74 85 
74 75 85 
85 75 86 
75 76 86 
86 76 87 
77 78 88 
88 78 89 
78 79 89 
89 79 90 
79 80 90 
90 80 91 
80 81 91 
91 81 92 
81 82 92 
92 82 93 
82 83 93 
93 83 94 
83 84 94 
94 84 95 
84 85 95 
95 85 96 
85 86 96 
96 86 97 
86 87 97 
97 87 98 
88 89 99 
99 89 100 
89 90 100 
100 90 101 
90 91 101 
101 91 102 
91 92 102 
102 92 103 
92 93 103 
103 93 104 
93 94 104 
104 94 105 
94 95 105 
105 95 106 
95 96 106 
106 96 107 
96 97 107 
107 97 108 
97 98 108 
108 98 109 
99 100 110 
110 100 111 
100 101 111 
111 101 112 
101 102 112 
112 102 113 
102 103 113 
113 103 114 
103 104 114 
114 104 115 
104 105 115 
115 105 116 
105 106 116 
116 106 117 
106 107 117 
117 107 118 
107 108 118 
118 108 119 
108 109 119 
119 109 120 
b kabe4 kabe4 kabe4 1
0 200 kabe
v kabe3 pnt 121
12 24 0  0 0 1  0 1  
9.6 24 0  0 0 1  0.1 1  
7.2 24 0  0 0 1  0.2 1  
4.8 24 0  0 0 1  0.3 1  
2.4 24 0  0 0 1  0.4 1  
0 24 0  0 0 1  0.5 1  
-2.400001 24 0  0 0 1  0.6 1  
-4.8 24 0  0 0 1  0.7 1  
-7.2 24 0  0 0 1  0.8 1  
-9.600001 24 0  0 0 1  0.9 1  
-12 24 0  0 0 1  1 1  
12 21.6 0  0 0 1  0 0.9  
9.6 21.6 0  0 0 1  0.1 0.9  
7.2 21.6 0  0 0 1  0.2 0.9  
4.8 21.6 0  0 0 1  0.3 0.9  
2.4 21.6 0  0 0 1  0.4 0.9  
0 21.6 0  0 0 1  0.5 0.9  
-2.400001 21.6 0  0 0 1  0.6 0.9  
-4.8 21.6 0  0 0 1  0.7 0.9  
-7.2 21.6 0  0 0 1  0.8 0.9  
-9.600001 21.6 0  0 0 1  0.9 0.9  
-12 21.6 0  0 0 1  1 0.9  
12 19.200001 0  0 0 1  0 0.8  
9.6 19.200001 0  0 0 1  0.1 0.8  
7.2 19.200001 0  0 0 1  0.2 0.8  
4.8 19.200001 0  0 0 1  0.3 0.8  
2.4 19.200001 0  0 0 1  0.4 0.8  
0 19.200001 0  0 0 1  0.5 0.8  
-2.400001 19.200001 0  0 0 1  0.6 0.8  
-4.8 19.200001 0  0 0 1  0.7 0.8  
-7.2 19.200001 0  0 0 1  0.8 0.8  
-9.600001 19.200001 0  0 0 1  0.9 0.8  
-12 19.200001 0  0 0 1  1 0.8  
12 16.799999 0  0 0 1  0 0.7  
9.6 16.799999 0  0 0 1  0.1 0.7  
7.2 16.799999 0  0 0 1  0.2 0.7  
4.8 16.799999 0  0 0 1  0.3 0.7  
2.4 16.799999 0  0 0 1  0.4 0.7  
0 16.799999 0  0 0 1  0.5 0.7  
-2.400001 16.799999 0  0 0 1  0.6 0.7  
-4.8 16.799999 0  0 0 1  0.7 0.7  
-7.2 16.799999 0  0 0 1  0.8 0.7  
-9.600001 16.799999 0  0 0 1  0.9 0.7  
-12 16.799999 0  0 0 1  1 0.7  
12 14.4 0  0 0 1  0 0.6  
9.6 14.4 0  0 0 1  0.1 0.6  
7.2 14.4 0  0 0 1  0.2 0.6  
4.8 14.4 0  0 0 1  0.3 0.6  
2.4 14.4 0  0 0 1  0.4 0.6  
0 14.4 0  0 0 1  0.5 0.6  
-2.400001 14.4 0  0 0 1  0.6 0.6  
-4.8 14.4 0  0 0 1  0.7 0.6  
-7.2 14.4 0  0 0 1  0.8 0.6  
-9.600001 14.4 0  0 0 1  0.9 0.6  
-12 14.4 0  0 0 1  1 0.6  
12 12 0  0 0 1  0 0.5  
9.6 12 0  0 0 1  0.1 0.5  
7.2 12 0  0 0 1  0.2 0.5  
4.8 12 0  0 0 1  0.3 0.5  
2.4 12 0  0 0 1  0.4 0.5  
0 12 0  0 0 1  0.5 0.5  
-2.400001 12 0  0 0 1  0.6 0.5  
-4.8 12 0  0 0 1  0.7 0.5  
-7.2 12 0  0 0 1  0.8 0.5  
-9.600001 12 0  0 0 1  0.9 0.5  
-12 12 0  0 0 1  1 0.5  
12 9.599998 0  0 0 1  0 0.4  
9.6 9.599998 0  0 0 1  0.1 0.4  
7.2 9.599998 0  0 0 1  0.2 0.4  
4.8 9.599998 0  0 0 1  0.3 0.4  
2.4 9.599998 0  0 0 1  0.4 0.4  
0 9.599998 0  0 0 1  0.5 0.4  
-2.400001 9.599998 0  0 0 1  0.6 0.4  
-4.8 9.599998 0  0 0 1  0.7 0.4  
-7.2 9.599998 0  0 0 1  0.8 0.4  
-9.600001 9.599998 0  0 0 1  0.9 0.4  
-12 9.599998 0  0 0 1  1 0.4  
12 7.200001 0  0 0 1  0 0.3  
9.6 7.200001 0  0 0 1  0.1 0.3  
7.2 7.200001 0  0 0 1  0.2 0.3  
4.8 7.200001 0  0 0 1  0.3 0.3  
2.4 7.200001 0  0 0 1  0.4 0.3  
0 7.200001 0  0 0 1  0.5 0.3  
-2.400001 7.200001 0  0 0 1  0.6 0.3  
-4.8 7.200001 0  0 0 1  0.7 0.3  
-7.2 7.200001 0  0 0 1  0.8 0.3  
-9.600001 7.200001 0  0 0 1  0.9 0.3  
-12 7.200001 0  0 0 1  1 0.3  
12 4.8 0  0 0 1  0 0.2  
9.6 4.8 0  0 0 1  0.1 0.2  
7.2 4.8 0  0 0 1  0.2 0.2  
4.8 4.8 0  0 0 1  0.3 0.2  
2.4 4.8 0  0 0 1  0.4 0.2  
0 4.8 0  0 0 1  0.5 0.2  
-2.400001 4.8 0  0 0 1  0.6 0.2  
-4.8 4.8 0  0 0 1  0.7 0.2  
-7.2 4.8 0  0 0 1  0.8 0.2  
-9.600001 4.8 0  0 0 1  0.9 0.2  
-12 4.8 0  0 0 1  1 0.2  
12 2.4 0  0 0 1  0 0.1  
9.6 2.4 0  0 0 1  0.1 0.1  
7.2 2.4 0  0 0 1  0.2 0.1  
4.8 2.4 0  0 0 1  0.3 0.1  
2.4 2.4 0  0 0 1  0.4 0.1  
0 2.4 0  0 0 1  0.5 0.1  
-2.400001 2.4 0  0 0 1  0.6 0.1  
-4.8 2.4 0  0 0 1  0.7 0.1  
-7.2 2.4 0  0 0 1  0.8 0.1  
-9.600001 2.4 0  0 0 1  0.9 0.1  
-12 2.4 0  0 0 1  1 0.1  
12 0 0  0 0 1  0 0  
9.6 0 0  0 0 1  0.1 0  
7.2 0 0  0 0 1  0.2 0  
4.8 0 0  0 0 1  0.3 0  
2.4 0 0  0 0 1  0.4 0  
0 0 0  0 0 1  0.5 0  
-2.400001 0 0  0 0 1  0.6 0  
-4.8 0 0  0 0 1  0.7 0  
-7.2 0 0  0 0 1  0.8 0  
-9.600001 0 0  0 0 1  0.9 0  
-12 0 0  0 0 1  1 0  
i kabe3 600
0 1 11 
11 1 12 
1 2 12 
12 2 13 
2 3 13 
13 3 14 
3 4 14 
14 4 15 
4 5 15 
15 5 16 
5 6 16 
16 6 17 
6 7 17 
17 7 18 
7 8 18 
18 8 19 
8 9 19 
19 9 20 
9 10 20 
20 10 21 
11 12 22 
22 12 23 
12 13 23 
23 13 24 
13 14 24 
24 14 25 
14 15 25 
25 15 26 
15 16 26 
26 16 27 
16 17 27 
27 17 28 
17 18 28 
28 18 29 
18 19 29 
29 19 30 
19 20 30 
30 20 31 
20 21 31 
31 21 32 
22 23 33 
33 23 34 
23 24 34 
34 24 35 
24 25 35 
35 25 36 
25 26 36 
36 26 37 
26 27 37 
37 27 38 
27 28 38 
38 28 39 
28 29 39 
39 29 40 
29 30 40 
40 30 41 
30 31 41 
41 31 42 
31 32 42 
42 32 43 
33 34 44 
44 34 45 
34 35 45 
45 35 46 
35 36 46 
46 36 47 
36 37 47 
47 37 48 
37 38 48 
48 38 49 
38 39 49 
49 39 50 
39 40 50 
50 40 51 
40 41 51 
51 41 52 
41 42 52 
52 42 53 
42 43 53 
53 43 54 
44 45 55 
55 45 56 
45 46 56 
56 46 57 
46 47 57 
57 47 58 
47 48 58 
58 48 59 
48 49 59 
59 49 60 
49 50 60 
60 50 61 
50 51 61 
61 51 62 
51 52 62 
62 52 63 
52 53 63 
63 53 64 
53 54 64 
64 54 65 
55 56 66 
66 56 67 
56 57 67 
67 57 68 
57 58 68 
68 58 69 
58 59 69 
69 59 70 
59 60 70 
70 60 71 
60 61 71 
71 61 72 
61 62 72 
72 62 73 
62 63 73 
73 63 74 
63 64 74 
74 64 75 
64 65 75 
75 65 76 
66 67 77 
77 67 78 
67 68 78 
78 68 79 
68 69 79 
79 69 80 
69 70 80 
80 70 81 
70 71 81 
81 71 82 
71 72 82 
82 72 83 
72 73 83 
83 73 84 
73 74 84 
84 74 85 
74 75 85 
85 75 86 
75 76 86 
86 76 87 
77 78 88 
88 78 89 
78 79 89 
89 79 90 
79 80 90 
90 80 91 
80 81 91 
91 81 92 
81 82 92 
92 82 93 
82 83 93 
93 83 94 
83 84 94 
94 84 95 
84 85 95 
95 85 96 
85 86 96 
96 86 97 
86 87 97 
97 87 98 
88 89 99 
99 89 100 
89 90 100 
100 90 101 
90 91 101 
101 91 102 
91 92 102 
102 92 103 
92 93 103 
103 93 104 
93 94 104 
104 94 105 
94 95 105 
105 95 106 
95 96 106 
106 96 107 
96 97 107 
107 97 108 
97 98 108 
108 98 109 
99 100 110 
110 100 111 
100 101 111 
111 101 112 
101 102 112 
112 102 113 
102 103 113 
113 103 114 
103 104 114 
114 104 115 
104 105 115 
115 105 116 
105 106 116 
116 106 117 
106 107 117 
117 107 118 
107 108 118 
118 108 119 
108 109 119 
119 109 120 
b kabe3 kabe3 kabe3 1
0 200 kabe
v tennzyou pnt 121
-12 0 -12  0 -1 0  0 1  
-9.6 0 -12  0 -1 0  0.1 1  
-7.2 0 -12  0 -1 0  0.2 1  
-4.8 0 -12  0 -1 0  0.3 1  
-2.4 0 -12  0 -1 0  0.4 1  
0 0 -12  0 -1 0  0.5 1  
2.400001 0 -12  0 -1 0  0.6 1  
4.8 0 -12  0 -1 0  0.7 1  
7.2 0 -12  0 -1 0  0.8 1  
9.6 0 -12  0 -1 0  0.9 1  
12 0 -12  0 -1 0  1 1  
-12 0 -9.6  0 -1 0  0 0.9  
-9.6 0 -9.6  0 -1 0  0.1 0.9  
-7.2 0 -9.6  0 -1 0  0.2 0.9  
-4.8 0 -9.6  0 -1 0  0.3 0.9  
-2.4 0 -9.6  0 -1 0  0.4 0.9  
0 0 -9.6  0 -1 0  0.5 0.9  
2.400001 0 -9.6  0 -1 0  0.6 0.9  
4.8 0 -9.6  0 -1 0  0.7 0.9  
7.2 0 -9.6  0 -1 0  0.8 0.9  
9.6 0 -9.6  0 -1 0  0.9 0.9  
12 0 -9.6  0 -1 0  1 0.9  
-12 0 -7.2  0 -1 0  0 0.8  
-9.6 0 -7.2  0 -1 0  0.1 0.8  
-7.2 0 -7.2  0 -1 0  0.2 0.8  
-4.8 0 -7.2  0 -1 0  0.3 0.8  
-2.4 0 -7.2  0 -1 0  0.4 0.8  
0 0 -7.2  0 -1 0  0.5 0.8  
2.400001 0 -7.2  0 -1 0  0.6 0.8  
4.8 0 -7.2  0 -1 0  0.7 0.8  
7.2 0 -7.2  0 -1 0  0.8 0.8  
9.6 0 -7.2  0 -1 0  0.9 0.8  
12 0 -7.2  0 -1 0  1 0.8  
-12 0 -4.8  0 -1 0  0 0.7  
-9.6 0 -4.8  0 -1 0  0.1 0.7  
-7.2 0 -4.8  0 -1 0  0.2 0.7  
-4.8 0 -4.8  0 -1 0  0.3 0.7  
-2.4 0 -4.8  0 -1 0  0.4 0.7  
0 0 -4.8  0 -1 0  0.5 0.7  
2.400001 0 -4.8  0 -1 0  0.6 0.7  
4.8 0 -4.8  0 -1 0  0.7 0.7  
7.2 0 -4.8  0 -1 0  0.8 0.7  
9.6 0 -4.8  0 -1 0  0.9 0.7  
12 0 -4.8  0 -1 0  1 0.7  
-12 0 -2.4  0 -1 0  0 0.6  
-9.6 0 -2.4  0 -1 0  0.1 0.6  
-7.2 0 -2.4  0 -1 0  0.2 0.6  
-4.8 0 -2.4  0 -1 0  0.3 0.6  
-2.4 0 -2.4  0 -1 0  0.4 0.6  
0 0 -2.4  0 -1 0  0.5 0.6  
2.400001 0 -2.4  0 -1 0  0.6 0.6  
4.8 0 -2.4  0 -1 0  0.7 0.6  
7.2 0 -2.4  0 -1 0  0.8 0.6  
9.6 0 -2.4  0 -1 0  0.9 0.6  
12 0 -2.4  0 -1 0  1 0.6  
-12 0 0  0 -1 0  0 0.5  
-9.6 0 0  0 -1 0  0.1 0.5  
-7.2 0 0  0 -1 0  0.2 0.5  
-4.8 0 0  0 -1 0  0.3 0.5  
-2.4 0 0  0 -1 0  0.4 0.5  
0 0 0  0 -1 0  0.5 0.5  
2.400001 0 0  0 -1 0  0.6 0.5  
4.8 0 0  0 -1 0  0.7 0.5  
7.2 0 0  0 -1 0  0.8 0.5  
9.6 0 0  0 -1 0  0.9 0.5  
12 0 0  0 -1 0  1 0.5  
-12 0 2.400001  0 -1 0  0 0.4  
-9.6 0 2.400001  0 -1 0  0.1 0.4  
-7.2 0 2.400001  0 -1 0  0.2 0.4  
-4.8 0 2.400001  0 -1 0  0.3 0.4  
-2.4 0 2.400001  0 -1 0  0.4 0.4  
0 0 2.400001  0 -1 0  0.5 0.4  
2.400001 0 2.400001  0 -1 0  0.6 0.4  
4.8 0 2.400001  0 -1 0  0.7 0.4  
7.2 0 2.400001  0 -1 0  0.8 0.4  
9.6 0 2.400001  0 -1 0  0.9 0.4  
12 0 2.400001  0 -1 0  1 0.4  
-12 0 4.8  0 -1 0  0 0.3  
-9.6 0 4.8  0 -1 0  0.1 0.3  
-7.2 0 4.8  0 -1 0  0.2 0.3  
-4.8 0 4.8  0 -1 0  0.3 0.3  
-2.4 0 4.8  0 -1 0  0.4 0.3  
0 0 4.8  0 -1 0  0.5 0.3  
2.400001 0 4.8  0 -1 0  0.6 0.3  
4.8 0 4.8  0 -1 0  0.7 0.3  
7.2 0 4.8  0 -1 0  0.8 0.3  
9.6 0 4.8  0 -1 0  0.9 0.3  
12 0 4.8  0 -1 0  1 0.3  
-12 0 7.2  0 -1 0  0 0.2  
-9.6 0 7.2  0 -1 0  0.1 0.2  
-7.2 0 7.2  0 -1 0  0.2 0.2  
-4.8 0 7.2  0 -1 0  0.3 0.2  
-2.4 0 7.2  0 -1 0  0.4 0.2  
0 0 7.2  0 -1 0  0.5 0.2  
2.400001 0 7.2  0 -1 0  0.6 0.2  
4.8 0 7.2  0 -1 0  0.7 0.2  
7.2 0 7.2  0 -1 0  0.8 0.2  
9.6 0 7.2  0 -1 0  0.9 0.2  
12 0 7.2  0 -1 0  1 0.2  
-12 0 9.6  0 -1 0  0 0.1  
-9.6 0 9.6  0 -1 0  0.1 0.1  
-7.2 0 9.6  0 -1 0  0.2 0.1  
-4.8 0 9.6  0 -1 0  0.3 0.1  
-2.4 0 9.6  0 -1 0  0.4 0.1  
0 0 9.6  0 -1 0  0.5 0.1  
2.400001 0 9.6  0 -1 0  0.6 0.1  
4.8 0 9.6  0 -1 0  0.7 0.1  
7.2 0 9.6  0 -1 0  0.8 0.1  
9.6 0 9.6  0 -1 0  0.9 0.1  
12 0 9.6  0 -1 0  1 0.1  
-12 0 12  0 -1 0  0 0  
-9.6 0 12  0 -1 0  0.1 0  
-7.2 0 12  0 -1 0  0.2 0  
-4.8 0 12  0 -1 0  0.3 0  
-2.4 0 12  0 -1 0  0.4 0  
0 0 12  0 -1 0  0.5 0  
2.400001 0 12  0 -1 0  0.6 0  
4.8 0 12  0 -1 0  0.7 0  
7.2 0 12  0 -1 0  0.8 0  
9.6 0 12  0 -1 0  0.9 0  
12 0 12  0 -1 0  1 0  
i tennzyou 600
0 1 11 
11 1 12 
1 2 12 
12 2 13 
2 3 13 
13 3 14 
3 4 14 
14 4 15 
4 5 15 
15 5 16 
5 6 16 
16 6 17 
6 7 17 
17 7 18 
7 8 18 
18 8 19 
8 9 19 
19 9 20 
9 10 20 
20 10 21 
11 12 22 
22 12 23 
12 13 23 
23 13 24 
13 14 24 
24 14 25 
14 15 25 
25 15 26 
15 16 26 
26 16 27 
16 17 27 
27 17 28 
17 18 28 
28 18 29 
18 19 29 
29 19 30 
19 20 30 
30 20 31 
20 21 31 
31 21 32 
22 23 33 
33 23 34 
23 24 34 
34 24 35 
24 25 35 
35 25 36 
25 26 36 
36 26 37 
26 27 37 
37 27 38 
27 28 38 
38 28 39 
28 29 39 
39 29 40 
29 30 40 
40 30 41 
30 31 41 
41 31 42 
31 32 42 
42 32 43 
33 34 44 
44 34 45 
34 35 45 
45 35 46 
35 36 46 
46 36 47 
36 37 47 
47 37 48 
37 38 48 
48 38 49 
38 39 49 
49 39 50 
39 40 50 
50 40 51 
40 41 51 
51 41 52 
41 42 52 
52 42 53 
42 43 53 
53 43 54 
44 45 55 
55 45 56 
45 46 56 
56 46 57 
46 47 57 
57 47 58 
47 48 58 
58 48 59 
48 49 59 
59 49 60 
49 50 60 
60 50 61 
50 51 61 
61 51 62 
51 52 62 
62 52 63 
52 53 63 
63 53 64 
53 54 64 
64 54 65 
55 56 66 
66 56 67 
56 57 67 
67 57 68 
57 58 68 
68 58 69 
58 59 69 
69 59 70 
59 60 70 
70 60 71 
60 61 71 
71 61 72 
61 62 72 
72 62 73 
62 63 73 
73 63 74 
63 64 74 
74 64 75 
64 65 75 
75 65 76 
66 67 77 
77 67 78 
67 68 78 
78 68 79 
68 69 79 
79 69 80 
69 70 80 
80 70 81 
70 71 81 
81 71 82 
71 72 82 
82 72 83 
72 73 83 
83 73 84 
73 74 84 
84 74 85 
74 75 85 
85 75 86 
75 76 86 
86 76 87 
77 78 88 
88 78 89 
78 79 89 
89 79 90 
79 80 90 
90 80 91 
80 81 91 
91 81 92 
81 82 92 
92 82 93 
82 83 93 
93 83 94 
83 84 94 
94 84 95 
84 85 95 
95 85 96 
85 86 96 
96 86 97 
86 87 97 
97 87 98 
88 89 99 
99 89 100 
89 90 100 
100 90 101 
90 91 101 
101 91 102 
91 92 102 
102 92 103 
92 93 103 
103 93 104 
93 94 104 
104 94 105 
94 95 105 
105 95 106 
95 96 106 
106 96 107 
96 97 107 
107 97 108 
97 98 108 
108 98 109 
99 100 110 
110 100 111 
100 101 111 
111 101 112 
101 102 112 
112 102 113 
102 103 113 
113 103 114 
103 104 114 
114 104 115 
104 105 115 
115 105 116 
105 106 116 
116 106 117 
106 107 117 
117 107 118 
107 108 118 
118 108 119 
108 109 119 
119 109 120 
x tennzyou Assets/textures/stage/stage01/tennzyou.png
b tennzyou tennzyou tennzyou 1
0 7 tennzyou
t mappu
{ n RootNode
 { n yuka b yuka  }
 { n kabe b kabe t -12 0 0  }
 { n kabe2 b kabe2 t 0 0 12  }
 { n kabe4 b kabe4 t 12 0 0  }
 { n kabe3 b kabe3 t 0 0 -12  }
 { n tennzyou b tennzyou t 0 24 0  }
}
