a Hana_kougeki 13
{
 n RootNode 0
 n pCube1 0
 n joint1 9
  c tx 3
   d 0 0 3 0 0
   d 1 0 3 0 0 
   d 37 0 3 0 0
  c ty 3
   d 0 0 3 0 0
   d 1 0 3 0 0 
   d 37 0 3 0 0
  c tz 3
   d 0 0 3 0 0
   d 1 0 3 0 0 
   d 37 0 3 0 0
  c rx 3
   d 0 0 3 0 0
   d 1 0 3 0 0 
   d 37 0 3 0 0
  c ry 3
   d 0 0 3 0 0
   d 1 0 3 0 0 
   d 37 0 3 0 0
  c rz 3
   d 0 0 3 0 0
   d 1 0 3 0 0 
   d 37 0 3 0 0
  c sx 3
   d 0 1 3 0 0
   d 1 1 3 0 0 
   d 37 1 3 0 0
  c sy 3
   d 0 1 3 0 0
   d 1 1 3 0 0 
   d 37 1 3 0 0
  c sz 3
   d 0 1 3 0 0
   d 1 1 3 0 0 
   d 37 1 3 0 0
 n joint2 9
  c tx 3
   d 0 0 3 0 0
   d 1 0 3 0 0 
   d 37 0 3 0 0
  c ty 3
   d 0 0.540054 3 0 0
   d 1 0.540054 3 0 0 
   d 37 0.540054 3 0 0
  c tz 3
   d 0 0.019054 3 0 0
   d 1 0.019054 3 0 0 
   d 37 0.019054 3 0 0
  c rx 3
   d 0 0 3 0 0
   d 1 0 3 0 0 
   d 37 0 3 0 0
  c ry 3
   d 0 0 3 0 0
   d 1 0 3 0 0 
   d 37 0 3 0 0
  c rz 3
   d 0 0 3 0 0
   d 1 0 3 0 0 
   d 37 0 3 0 0
  c sx 3
   d 0 1 3 0 0
   d 1 1 3 0 0 
   d 37 1 3 0 0
  c sy 3
   d 0 1 3 0 0
   d 1 1 3 0 0 
   d 37 1 3 0 0
  c sz 3
   d 0 1 3 0 0
   d 1 1 3 0 0 
   d 37 1 3 0 0
 n joint3 9
  c tx 8
   d 0 0.000811 3 0 0
   d 1 0.000811 3 0 0 
   d 26 0.007863 3 0 0 
   d 27 -0.013033 3 0 0 
   d 31 0.007863 3 0 0 
   d 32 -0.013033 3 0 0 
   d 37 0.007863 3 0 0 
   d 37 -0.013033 3 0 0 
  c ty 8
   d 0 0.157369 3 0 0
   d 1 0.157369 3 0 0 
   d 28 0.167765 3 0 0 
   d 30 0.132909 3 0 0 
   d 33 0.167765 3 0 0 
   d 35 0.132909 3 0 0 
   d 36 0.132909 3 0 0 
   d 37 0.132909 3 0 0
  c tz 3
   d 0 0.352681 3 0 0
   d 1 0.352681 3 0 0 
   d 37 0.352681 3 0 0
  c rx 5
   d 0 0 3 0 0
   d 1 0 3 0 0 
   d 18 -1.118354 3 0 0 
   d 25 -0.038557 3 0 0 
   d 37 -0.038557 3 0 0
  c ry 3
   d 0 0 3 0 0
   d 1 0 3 0 0 
   d 37 0 3 0 0
  c rz 3
   d 0 0 3 0 0
   d 1 0 3 0 0 
   d 37 0 3 0 0
  c sx 3
   d 0 1 3 0 0
   d 1 1 3 0 0 
   d 37 1 3 0 0
  c sy 3
   d 0 1 3 0 0
   d 1 1 3 0 0 
   d 37 1 3 0 0
  c sz 3
   d 0 1 3 0 0
   d 1 1 3 0 0 
   d 37 1 3 0 0
 n joint4 9
  c tx 3
   d 0 0.146854 3 0 0
   d 1 0.146854 3 0 0 
   d 37 0.146854 3 0 0
  c ty 3
   d 0 -0.145466 3 0 0
   d 1 -0.145466 3 0 0 
   d 37 -0.145466 3 0 0
  c tz 3
   d 0 -0.019054 3 0 0
   d 1 -0.019054 3 0 0 
   d 37 -0.019054 3 0 0
  c rx 3
   d 0 0 3 0 0
   d 1 0 3 0 0 
   d 37 0 3 0 0
  c ry 3
   d 0 0 3 0 0
   d 1 0 3 0 0 
   d 37 0 3 0 0
  c rz 3
   d 0 0 3 0 0
   d 1 0 3 0 0 
   d 37 0 3 0 0
  c sx 3
   d 0 1 3 0 0
   d 1 1 3 0 0 
   d 37 1 3 0 0
  c sy 3
   d 0 1 3 0 0
   d 1 1 3 0 0 
   d 37 1 3 0 0
  c sz 3
   d 0 1 3 0 0
   d 1 1 3 0 0 
   d 37 1 3 0 0
 n joint5 9
  c tx 3
   d 0 -0.004213 3 0 0
   d 1 -0.004213 3 0 0 
   d 37 -0.004213 3 0 0
  c ty 3
   d 0 -0.168269 3 0 0
   d 1 -0.168269 3 0 0 
   d 37 -0.168269 3 0 0
  c tz 3
   d 0 0.050164 3 0 0
   d 1 0.050164 3 0 0 
   d 37 0.050164 3 0 0
  c rx 3
   d 0 0 3 0 0
   d 1 0 3 0 0 
   d 37 0 3 0 0
  c ry 3
   d 0 0 3 0 0
   d 1 0 3 0 0 
   d 37 0 3 0 0
  c rz 3
   d 0 0 3 0 0
   d 1 0 3 0 0 
   d 37 0 3 0 0
  c sx 3
   d 0 1 3 0 0
   d 1 1 3 0 0 
   d 37 1 3 0 0
  c sy 3
   d 0 1 3 0 0
   d 1 1 3 0 0 
   d 37 1 3 0 0
  c sz 3
   d 0 1 3 0 0
   d 1 1 3 0 0 
   d 37 1 3 0 0
 n joint6 9
  c tx 3
   d 0 0 3 0 0
   d 1 0 3 0 0 
   d 37 0 3 0 0
  c ty 3
   d 0 -0.20521 3 0 0
   d 1 -0.20521 3 0 0 
   d 37 -0.20521 3 0 0
  c tz 3
   d 0 -0.08527 3 0 0
   d 1 -0.08527 3 0 0 
   d 37 -0.08527 3 0 0
  c rx 3
   d 0 0 3 0 0
   d 1 0 3 0 0 
   d 37 0 3 0 0
  c ry 3
   d 0 0 3 0 0
   d 1 0 3 0 0 
   d 37 0 3 0 0
  c rz 3
   d 0 0 3 0 0
   d 1 0 3 0 0 
   d 37 0 3 0 0
  c sx 3
   d 0 1 3 0 0
   d 1 1 3 0 0 
   d 37 1 3 0 0
  c sy 3
   d 0 1 3 0 0
   d 1 1 3 0 0 
   d 37 1 3 0 0
  c sz 3
   d 0 1 3 0 0
   d 1 1 3 0 0 
   d 37 1 3 0 0
 n joint7 9
  c tx 3
   d 0 0 3 0 0
   d 1 0 3 0 0 
   d 37 0 3 0 0
  c ty 3
   d 0 0.001389 3 0 0
   d 1 0.001389 3 0 0 
   d 37 0.001389 3 0 0
  c tz 3
   d 0 0.081964 3 0 0
   d 1 0.081964 3 0 0 
   d 37 0.081964 3 0 0
  c rx 3
   d 0 0 3 0 0
   d 1 0 3 0 0 
   d 37 0 3 0 0
  c ry 3
   d 0 0 3 0 0
   d 1 0 3 0 0 
   d 37 0 3 0 0
  c rz 3
   d 0 0 3 0 0
   d 1 0 3 0 0 
   d 37 0 3 0 0
  c sx 3
   d 0 1 3 0 0
   d 1 1 3 0 0 
   d 37 1 3 0 0
  c sy 3
   d 0 1 3 0 0
   d 1 1 3 0 0 
   d 37 1 3 0 0
  c sz 3
   d 0 1 3 0 0
   d 1 1 3 0 0 
   d 37 1 3 0 0
 n joint12 9
  c tx 3
   d 0 -0.146854 3 0 0
   d 1 -0.146854 3 0 0 
   d 37 -0.146854 3 0 0
  c ty 3
   d 0 -0.145465 3 0 0
   d 1 -0.145465 3 0 0 
   d 37 -0.145465 3 0 0
  c tz 3
   d 0 -0.019054 3 0 0
   d 1 -0.019054 3 0 0 
   d 37 -0.019054 3 0 0
  c rx 3
   d 0 0 3 0 0
   d 1 0 3 0 0 
   d 37 0 3 0 0
  c ry 3
   d 0 0 3 0 0
   d 1 0 3 0 0 
   d 37 0 3 0 0
  c rz 3
   d 0 0 3 0 0
   d 1 0 3 0 0 
   d 37 0 3 0 0
  c sx 3
   d 0 1 3 0 0
   d 1 1 3 0 0 
   d 37 1 3 0 0
  c sy 3
   d 0 1 3 0 0
   d 1 1 3 0 0 
   d 37 1 3 0 0
  c sz 3
   d 0 1 3 0 0
   d 1 1 3 0 0 
   d 37 1 3 0 0
 n joint5 0
 n joint6 9
  c tx 3
   d 0 -0 3 0 0
   d 1 -0 3 0 0 
   d 37 -0 3 0 0
  c ty 3
   d 0 -0.205211 3 0 0
   d 1 -0.205211 3 0 0 
   d 37 -0.205211 3 0 0
  c tz 3
   d 0 -0.08527 3 0 0
   d 1 -0.08527 3 0 0 
   d 37 -0.08527 3 0 0
  c rx 3
   d 0 0 3 0 0
   d 1 0 3 0 0 
   d 37 0 3 0 0
  c ry 3
   d 0 0 3 0 0
   d 1 0 3 0 0 
   d 37 0 3 0 0
  c rz 3
   d 0 0 3 0 0
   d 1 0 3 0 0 
   d 37 0 3 0 0
  c sx 3
   d 0 1 3 0 0
   d 1 1 3 0 0 
   d 37 1 3 0 0
  c sy 3
   d 0 1 3 0 0
   d 1 1 3 0 0 
   d 37 1 3 0 0
  c sz 3
   d 0 1 3 0 0
   d 1 1 3 0 0 
   d 37 1 3 0 0
 n joint7 9
  c tx 3
   d 0 0 3 0 0
   d 1 0 3 0 0 
   d 37 0 3 0 0
  c ty 3
   d 0 0.001389 3 0 0
   d 1 0.001389 3 0 0 
   d 37 0.001389 3 0 0
  c tz 3
   d 0 0.081964 3 0 0
   d 1 0.081964 3 0 0 
   d 37 0.081964 3 0 0
  c rx 3
   d 0 0 3 0 0
   d 1 0 3 0 0 
   d 37 0 3 0 0
  c ry 3
   d 0 0 3 0 0
   d 1 0 3 0 0 
   d 37 0 3 0 0
  c rz 3
   d 0 0 3 0 0
   d 1 0 3 0 0 
   d 37 0 3 0 0
  c sx 3
   d 0 1 3 0 0
   d 1 1 3 0 0 
   d 37 1 3 0 0
  c sy 3
   d 0 1 3 0 0
   d 1 1 3 0 0 
   d 37 1 3 0 0
  c sz 3
   d 0 1 3 0 0
   d 1 1 3 0 0 
   d 37 1 3 0 0
}
