a Hana_down 13
{
 n RootNode 0
 n pCube1 0
 n joint1 9
  c tx 3
   d 0 0 3 0 0 
   d 1 0 3 0 0 
   d 37 0 3 0 0
  c ty 4
   d 0 0 3 0 0 
   d 1 0 3 0 0 
   d 20 0.040035 3 0 0 
   d 37 0.040035 3 0 0
  c tz 3
   d 0 0 3 0 0 
   d 1 0 3 0 0 
   d 37 0 3 0 0
  c rx 4
   d 0 0 3 0 0 
   d 1 0 3 0 0 
   d 20 -0.746025 3 0 0 
   d 37 -0.746025 3 0 0
  c ry 3
   d 0 0 3 0 0 
   d 1 0 3 0 0 
   d 37 0 3 0 0
  c rz 3
   d 0 0 3 0 0 
   d 1 0 3 0 0 
   d 37 0 3 0 0
  c sx 3
   d 0 1 3 0 0 
   d 1 1 3 0 0 
   d 37 1 3 0 0
  c sy 3
   d 0 1 3 0 0 
   d 1 1 3 0 0 
   d 37 1 3 0 0
  c sz 3
   d 0 1 3 0 0 
   d 1 1 3 0 0 
   d 37 1 3 0 0
 n joint2 9
  c tx 2
   d 0 0 3 0 0 
   d 37 0 3 0 0
  c ty 2
   d 0 0.540054 3 0 0 
   d 37 0.540054 3 0 0
  c tz 2
   d 0 0.019054 3 0 0 
   d 37 0.019054 3 0 0
  c rx 2
   d 0 0 3 0 0 
   d 37 0 3 0 0
  c ry 2
   d 0 0 3 0 0 
   d 37 0 3 0 0
  c rz 2
   d 0 0 3 0 0 
   d 37 0 3 0 0
  c sx 2
   d 0 1 3 0 0 
   d 37 1 3 0 0
  c sy 2
   d 0 1 3 0 0 
   d 37 1 3 0 0
  c sz 2
   d 0 1 3 0 0 
   d 37 1 3 0 0
 n joint3 9
  c tx 2
   d 0 -0.002585 3 0 0 
   d 37 -0.002585 3 0 0
  c ty 2
   d 0 0.132909 3 0 0 
   d 37 0.132909 3 0 0
  c tz 2
   d 0 0.352681 3 0 0 
   d 37 0.352681 3 0 0
  c rx 2
   d 0 -0.038557 3 0 0 
   d 37 -0.038557 3 0 0
  c ry 2
   d 0 0 3 0 0 
   d 37 0 3 0 0
  c rz 2
   d 0 0 3 0 0 
   d 37 0 3 0 0
  c sx 2
   d 0 1 3 0 0 
   d 37 1 3 0 0
  c sy 2
   d 0 1 3 0 0 
   d 37 1 3 0 0
  c sz 2
   d 0 1 3 0 0 
   d 37 1 3 0 0
 n joint4 9
  c tx 6
   d 0 0.146854 3 0 0 
   d 1 0.146854 3 0 0 
   d 20 0.146854 3 0 0 
   d 28 0.146854 3 0 0 
   d 36 0.146854 3 0 0 
   d 37 0.146854 3 0 0
  c ty 6
   d 0 -0.145466 3 0 0 
   d 1 -0.145466 3 0 0 
   d 20 -0.145466 3 0 0 
   d 28 -0.145466 3 0 0 
   d 36 -0.145466 3 0 0 
   d 37 -0.145466 3 0 0
  c tz 6
   d 0 -0.019054 3 0 0 
   d 1 -0.019054 3 0 0 
   d 20 -0.019054 3 0 0 
   d 28 -0.019054 3 0 0 
   d 36 -0.019054 3 0 0 
   d 37 -0.019054 3 0 0
  c rx 8
   d 0 0 3 0 0 
   d 1 0 3 0 0 
   d 20 0 3 0 0 
   d 24 -0.610865 3 0 0 
   d 28 0 3 0 0 
   d 32 -0.610865 3 0 0 
   d 36 0 3 0 0 
   d 37 0 3 0 0
  c ry 6
   d 0 0 3 0 0 
   d 1 0 3 0 0 
   d 20 0 3 0 0 
   d 28 0 3 0 0 
   d 36 0 3 0 0 
   d 37 0 3 0 0
  c rz 6
   d 0 0 3 0 0 
   d 1 0 3 0 0 
   d 20 0 3 0 0 
   d 28 0 3 0 0 
   d 36 0 3 0 0 
   d 37 0 3 0 0
  c sx 6
   d 0 1 3 0 0 
   d 1 1 3 0 0 
   d 20 1 3 0 0 
   d 28 1 3 0 0 
   d 36 1 3 0 0 
   d 37 1 3 0 0
  c sy 6
   d 0 1 3 0 0 
   d 1 1 3 0 0 
   d 20 1 3 0 0 
   d 28 1 3 0 0 
   d 36 1 3 0 0 
   d 37 1 3 0 0
  c sz 6
   d 0 1 3 0 0 
   d 1 1 3 0 0 
   d 20 1 3 0 0 
   d 28 1 3 0 0 
   d 36 1 3 0 0 
   d 37 1 3 0 0
 n joint5 9
  c tx 2
   d 0 -0.004213 3 0 0 
   d 37 -0.004213 3 0 0
  c ty 2
   d 0 -0.168269 3 0 0 
   d 37 -0.168269 3 0 0
  c tz 2
   d 0 0.050164 3 0 0 
   d 37 0.050164 3 0 0
  c rx 2
   d 0 0 3 0 0 
   d 37 0 3 0 0
  c ry 2
   d 0 0 3 0 0 
   d 37 0 3 0 0
  c rz 2
   d 0 0 3 0 0 
   d 37 0 3 0 0
  c sx 2
   d 0 1 3 0 0 
   d 37 1 3 0 0
  c sy 2
   d 0 1 3 0 0 
   d 37 1 3 0 0
  c sz 2
   d 0 1 3 0 0 
   d 37 1 3 0 0
 n joint6 9
  c tx 2
   d 0 0 3 0 0 
   d 37 0 3 0 0
  c ty 2
   d 0 -0.20521 3 0 0 
   d 37 -0.20521 3 0 0
  c tz 2
   d 0 -0.08527 3 0 0 
   d 37 -0.08527 3 0 0
  c rx 2
   d 0 0 3 0 0 
   d 37 0 3 0 0
  c ry 2
   d 0 0 3 0 0 
   d 37 0 3 0 0
  c rz 2
   d 0 0 3 0 0 
   d 37 0 3 0 0
  c sx 2
   d 0 1 3 0 0 
   d 37 1 3 0 0
  c sy 2
   d 0 1 3 0 0 
   d 37 1 3 0 0
  c sz 2
   d 0 1 3 0 0 
   d 37 1 3 0 0
 n joint7 9
  c tx 2
   d 0 0 3 0 0 
   d 37 0 3 0 0
  c ty 2
   d 0 0.001389 3 0 0 
   d 37 0.001389 3 0 0
  c tz 2
   d 0 0.081964 3 0 0 
   d 37 0.081964 3 0 0
  c rx 2
   d 0 0 3 0 0 
   d 37 0 3 0 0
  c ry 2
   d 0 0 3 0 0 
   d 37 0 3 0 0
  c rz 2
   d 0 0 3 0 0 
   d 37 0 3 0 0
  c sx 2
   d 0 1 3 0 0 
   d 37 1 3 0 0
  c sy 2
   d 0 1 3 0 0 
   d 37 1 3 0 0
  c sz 2
   d 0 1 3 0 0 
   d 37 1 3 0 0
 n joint12 9
  c tx 5
   d 0 -0.146854 3 0 0 
   d 20 -0.146854 3 0 0 
   d 24 -0.146854 3 0 0 
   d 32 -0.146854 3 0 0 
   d 37 -0.146854 3 0 0
  c ty 5
   d 0 -0.145465 3 0 0 
   d 20 -0.145465 3 0 0 
   d 24 -0.145465 3 0 0 
   d 32 -0.145465 3 0 0 
   d 37 -0.145465 3 0 0
  c tz 5
   d 0 -0.019054 3 0 0 
   d 20 -0.019054 3 0 0 
   d 24 -0.019054 3 0 0 
   d 32 -0.019054 3 0 0 
   d 37 -0.019054 3 0 0
  c rx 7
   d 0 0 3 0 0 
   d 20 0 3 0 0 
   d 24 0 3 0 0 
   d 28 -0.610865 3 0 0 
   d 32 0 3 0 0 
   d 36 -0.610865 3 0 0 
   d 37 -0.610865 3 0 0
  c ry 5
   d 0 0 3 0 0 
   d 20 0 3 0 0 
   d 24 0 3 0 0 
   d 32 0 3 0 0 
   d 37 0 3 0 0
  c rz 5
   d 0 0 3 0 0 
   d 20 0 3 0 0 
   d 24 0 3 0 0 
   d 32 0 3 0 0 
   d 37 0 3 0 0
  c sx 5
   d 0 1 3 0 0 
   d 20 1 3 0 0 
   d 24 1 3 0 0 
   d 32 1 3 0 0 
   d 37 1 3 0 0
  c sy 5
   d 0 1 3 0 0 
   d 20 1 3 0 0 
   d 24 1 3 0 0 
   d 32 1 3 0 0 
   d 37 1 3 0 0
  c sz 5
   d 0 1 3 0 0 
   d 20 1 3 0 0 
   d 24 1 3 0 0 
   d 32 1 3 0 0 
   d 37 1 3 0 0
 n joint5 9
  c tx 2
   d 0 0.004213 3 0 0 
   d 37 0.004213 3 0 0
  c ty 2
   d 0 -0.168269 3 0 0 
   d 37 -0.168269 3 0 0
  c tz 2
   d 0 0.050164 3 0 0 
   d 37 0.050164 3 0 0
  c rx 2
   d 0 0 3 0 0 
   d 37 0 3 0 0
  c ry 2
   d 0 0 3 0 0 
   d 37 0 3 0 0
  c rz 2
   d 0 0 3 0 0 
   d 37 0 3 0 0
  c sx 2
   d 0 1 3 0 0 
   d 37 1 3 0 0
  c sy 2
   d 0 1 3 0 0 
   d 37 1 3 0 0
  c sz 2
   d 0 1 3 0 0 
   d 37 1 3 0 0
 n joint6 9
  c tx 2
   d 0 -0 3 0 0 
   d 37 -0 3 0 0
  c ty 2
   d 0 -0.205211 3 0 0 
   d 37 -0.205211 3 0 0
  c tz 2
   d 0 -0.08527 3 0 0 
   d 37 -0.08527 3 0 0
  c rx 2
   d 0 0 3 0 0 
   d 37 0 3 0 0
  c ry 2
   d 0 0 3 0 0 
   d 37 0 3 0 0
  c rz 2
   d 0 0 3 0 0 
   d 37 0 3 0 0
  c sx 2
   d 0 1 3 0 0 
   d 37 1 3 0 0
  c sy 2
   d 0 1 3 0 0 
   d 37 1 3 0 0
  c sz 2
   d 0 1 3 0 0 
   d 37 1 3 0 0
 n joint7 9
  c tx 2
   d 0 0 3 0 0 
   d 37 0 3 0 0
  c ty 2
   d 0 0.001389 3 0 0 
   d 37 0.001389 3 0 0
  c tz 2
   d 0 0.081964 3 0 0 
   d 37 0.081964 3 0 0
  c rx 2
   d 0 0 3 0 0 
   d 37 0 3 0 0
  c ry 2
   d 0 0 3 0 0 
   d 37 0 3 0 0
  c rz 2
   d 0 0 3 0 0 
   d 37 0 3 0 0
  c sx 2
   d 0 1 3 0 0 
   d 37 1 3 0 0
  c sy 2
   d 0 1 3 0 0 
   d 37 1 3 0 0
  c sz 2
   d 0 1 3 0 0 
   d 37 1 3 0 0
}
