v pCube1 pntww 373
0.269334 0.655748 0.36823  0 0 0  0.593639 0.185213  2 3 4 0  0.059087 0.472915 0.467998 0 
0.201604 0.832922 0.433437  0 0 0  0.593639 0.128658  2 3 4 0  0.021492 0.489254 0.489254 0 
0.105957 0.833835 0.426889  0 0 0  0.542739 0.128658  3 4 2 5  0.494341 0.494341 0.007595 0.003724 
0.015597 0.655389 0.31939  0 0 0  0.542739 0.185213  3 4 0 0  0.988294 0.011674 0 0 
0.111323 0.498096 0.396631  0 0 0  0.542739 0.241769  2 3 4 0  0.05038 0.506451 0.443168 0 
0.264913 0.499056 0.444217  0 0 0  0.593639 0.241769  2 3 4 0  0.093236 0.454169 0.452595 0 
-0.105957 0.833835 0.426889  0 0 0  0.651234 0.033821  3 4 2 5  0.494718 0.494718 0.007761 0.002803 
-0.201604 0.832922 0.433437  0 0 0  0.600334 0.033821  3 4 2 9  0.478979 0.478979 0.021483 0.012965 
-0.269334 0.655748 0.36823  0 0 0  0.600334 0.090376  2 3 4 0  0.060377 0.472526 0.467097 0 
-0.264913 0.499056 0.444217  0 0 0  0.600334 0.146932  2 3 4 0  0.094487 0.453665 0.451848 0 
-0.111323 0.498096 0.396631  0 0 0  0.651234 0.146932  2 3 4 0  0.051007 0.506417 0.442576 0 
0.269334 0.655748 0.36823  0 0 0  0.593639 0.185213  2 3 4 0  0.059087 0.472915 0.467998 0 
0.201604 0.832922 0.433437  0 0 0  0.593639 0.128658  2 3 4 0  0.021492 0.489254 0.489254 0 
0.105957 0.833835 0.426889  0 0 0  0.542739 0.128658  3 4 2 5  0.494341 0.494341 0.007595 0.003724 
0.015597 0.655389 0.31939  0 0 0  0.542739 0.185213  3 4 0 0  0.988294 0.011674 0 0 
0.111323 0.498096 0.396631  0 0 0  0.542739 0.241769  2 3 4 0  0.05038 0.506451 0.443168 0 
0.264913 0.499056 0.444217  0 0 0  0.593639 0.241769  2 3 4 0  0.093236 0.454169 0.452595 0 
-0.105957 0.833835 0.426889  0 0 0  0.651234 0.033821  3 4 2 5  0.494718 0.494718 0.007761 0.002803 
-0.201604 0.832922 0.433437  0 0 0  0.600334 0.033821  3 4 2 9  0.478979 0.478979 0.021483 0.012965 
-0.269334 0.655748 0.36823  0 0 0  0.600334 0.090376  2 3 4 0  0.060377 0.472526 0.467097 0 
-0.264913 0.499056 0.444217  0 0 0  0.600334 0.146932  2 3 4 0  0.094487 0.453665 0.451848 0 
0 0 0  0 0 0  0 0  0 0 0 0  0 0 0 0 
0.015062 0.603104 -0.337252  0.110306 0.868525 -0.483215  0.79886 0.200801  2 3 0 0  0.5 0.5 0 0 
0.106293 0.943665 0.264726  0.126997 0.821574 -0.555776  0.83846 0.462097  2 3 4 0  0.059204 0.470398 0.470398 0 
0.184473 0.898268 0.264726  0.193263 0.830585 -0.522282  0.872395 0.462097  2 3 4 0  0.068491 0.467064 0.464445 0 
0.150625 0.603104 -0.337252  0 0.778659 -0.627447  0.857703 0.200801  2 3 0 0  0.469709 0.530291 0 0 
0 0.603104 -0.337252  0 0.870383 -0.492375  0.792322 0.200801  2 3 0 0  0.5 0.5 0 0 
0 0.943639 0.264726  0 0.821062 -0.570839  0.792322 0.462097  2 3 4 0  0.049538 0.475231 0.475231 0 
0.11643 1.022035 0.331613  0.158704 0.937135 -0.310791  0.84286 0.49113  2 3 4 0  0.057811 0.471094 0.471094 0 
0.243064 0.978575 0.331613  0.193178 0.933737 -0.30136  0.897827 0.49113  2 3 4 0  0.073793 0.463104 0.463104 0 
0.015062 0.510164 -0.452589  0 0.617386 -0.786661  0.79886 0.150737  2 3 0 0  0.492155 0.507845 0 0 
0.150625 0.510164 -0.452589  -0 0.617386 -0.786661  0.857703 0.150737  2 3 0 0  0.441575 0.558425 0 0 
-0.015062 0.603104 -0.337252  -0.110306 0.868525 -0.483215  0.785784 0.200801  2 3 0 0  0.5 0.5 0 0 
-0.106293 0.943665 0.264726  -0.126997 0.821574 -0.555776  0.746184 0.462097  2 3 4 0  0.059667 0.470167 0.470167 0 
0 1.04235 0.331613  0 0.927173 -0.374633  0.792322 0.49113  2 3 4 0  0.056027 0.471987 0.471987 0 
0 0.510164 -0.452589  -0 0.617386 -0.786661  0.792322 0.150737  2 3 0 0  0.49554 0.50446 0 0 
0.019764 1.013054 0.498829  0.143932 0.987429 0.065324  0.800901 0.563712  3 4 2 5  0.469799 0.469799 0.030701 0.015114 
0.197636 1.013054 0.498829  0.141272 0.98985 -0.015448  0.878109 0.563712  2 3 4 0  0.046822 0.476589 0.476589 0 
-0.184473 0.898268 0.264726  -0.193263 0.830585 -0.522282  0.712249 0.462097  2 3 4 0  0.069369 0.466748 0.463883 0 
-0.150625 0.603104 -0.337252  -0.182951 0.861392 -0.473848  0.726942 0.200801  2 3 0 0  0.469709 0.530291 0 0 
-0.11643 1.022035 0.331613  -0.158704 0.937135 -0.310791  0.741784 0.49113  2 3 4 0  0.058154 0.470923 0.470923 0 
-0.015062 0.510164 -0.452589  0 0.617386 -0.786661  0.785784 0.150737  2 3 0 0  0.492155 0.507845 0 0 
0 1.013054 0.498829  -0 0.987813 0.155647  0.792322 0.563712  3 4 2 9  0.469936 0.469936 0.030573 0.014777 
0.366466 0.708891 0.489221  0.98712 0.039609 -0.154999  0.951391 0.559542  2 3 4 0  0.06887 0.465565 0.465565 0 
0.364674 0.843733 0.410417  0.927284 0.355187 -0.118268  0.950613 0.525336  2 3 4 0  0.077687 0.461157 0.461157 0 
-0.243064 0.978575 0.331613  -0.193178 0.933737 -0.30136  0.686817 0.49113  2 3 4 0  0.074556 0.462641 0.462641 0 
-0.150625 0.510164 -0.452589  0 0.617386 -0.786661  0.726942 0.150737  2 3 0 0  0.441575 0.558425 0 0 
-0.019764 1.013054 0.498829  -0.143932 0.987429 0.065323  0.783744 0.563712  3 4 2 9  0.476729 0.476729 0.031188 0.015354 
-0.197636 1.013054 0.498829  -0.141272 0.98985 -0.015449  0.706536 0.563712  2 3 4 0  0.047193 0.476404 0.476404 0 
-0.364674 0.843733 0.410417  -0.927284 0.355187 -0.118269  0.634031 0.525336  2 3 4 0  0.078781 0.460609 0.460609 0 
-0.366466 0.708891 0.489221  -0.98712 0.039609 -0.154999  0.633253 0.559542  2 3 4 0  0.069906 0.465047 0.465047 0 
0.030416 0.404727 0.496106  -0.090885 0.643855 0.759731  0.514381 0.9971  2 3 4 0  0.087583 0.45635 0.456067 0 
0.02581 0.404727 0.201298  0 -1 -0  0.122722 0.868861  2 3 0 0  0.555507 0.444493 0 0 
0.258102 0.404727 0.201298  0 -1 0  0.021893 0.868861  2 3 4 0  0.200553 0.736262 0.063185 0 
0.304164 0.404727 0.498829  0 -1 -0  0.001899 0.998008  2 3 4 0  0.149435 0.425297 0.425268 0 
0 0.404727 0.498065  0 -1 0  0.133925 0.997676  2 3 4 0  0.08634 0.456899 0.456762 0 
0 0.404727 0.201298  0 -1 0  0.133925 0.868861  2 3 0 0  0.556651 0.443349 0 0 
0.088857 0.404727 0.104855  0 -1 -0  0.095356 0.826998  3 5 2 9  0.467605 0.295543 0.223561 0.013291 
0.192069 0.404727 0.104855  0 -1 0  0.050555 0.826998  2 3 5 0  0.039645 0.46659 0.493764 0 
0.264913 0.499056 0.444217  -0.090885 0.643855 0.759731  0.616167 0.974577  2 3 4 0  0.093236 0.454169 0.452595 0 
0.111323 0.498096 0.396631  -0.090885 0.643855 0.759731  0.5495 0.953921  2 3 4 0  0.05038 0.506451 0.443168 0 
-0.030416 0.404727 0.496106  0 -1 -0  0.147128 0.996826  2 3 4 0  0.087737 0.45628 0.455984 0 
-0.02581 0.404727 0.201298  0 -1 0  0.145128 0.868861  2 3 0 0  0.555806 0.444194 0 0 
0.020436 0.404727 -0.145822  0 -1 -0  0.125054 0.718189  2 3 0 0  0.577738 0.422262 0 0 
0 0.404727 -0.145822  0 -1 -0  0.133925 0.718189  2 3 0 0  0.629987 0.370013 0 0 
0.086469 0.404727 -0.049379  0 -1 -0  0.096392 0.760051  3 5 2 6  0.631254 0.282075 0.081313 0.005358 
0.204363 0.404727 -0.145822  0 -1 0  0.045219 0.718189  2 3 0 0  0.118289 0.881711 0 0 
0.168192 0.404727 -0.049379  0 -1 0  0.060919 0.760051  2 3 5 0  0.004275 0.497862 0.497862 0 
-0.258102 0.404727 0.201298  0 -1 0  0.245958 0.868861  2 3 4 0  0.200669 0.736691 0.06264 0 
-0.304164 0.404727 0.498829  0.090885 0.643855 0.759731  0.369152 0.998282  2 3 4 0  0.150725 0.42467 0.424605 0 
-0.020436 0.404727 -0.145822  0 -1 0  0.142796 0.718189  2 3 0 0  0.577738 0.422262 0 0 
0.015062 0.404727 -0.492941  0 -1 0  0.127387 0.567517  2 3 0 0  0.500481 0.499519 0 0 
0 0.404727 -0.492941  0 -1 -0  0.133925 0.567517  2 3 0 0  0.506541 0.493459 0 0 
-0.192069 0.404727 0.104855  0 -1 0  0.217295 0.826998  9 3 2 5  0.491238 0.464202 0.039442 0.005118 
-0.088857 0.404727 0.104855  0 -1 0  0.172494 0.826998  3 9 2 6  0.449618 0.284175 0.214962 0.039124 
-0.111323 0.498096 0.396631  0.090885 0.643855 0.759731  0.452857 0.953921  2 3 4 0  0.051007 0.506417 0.442576 0 
-0.264913 0.499056 0.444217  0.090885 0.643855 0.75973  0.38619 0.974577  2 3 4 0  0.094487 0.453665 0.451848 0 
-0.086469 0.404727 -0.049379  0 -1 0  0.171458 0.760051  3 9 2 5  0.632539 0.282649 0.081479 0.003333 
-0.015062 0.404727 -0.492941  0 -1 0  0.140463 0.567517  2 3 0 0  0.500481 0.499519 0 0 
0.150625 0.404727 -0.492941  0 -1 0  0.068545 0.567517  2 3 0 0  0.430454 0.569546 0 0 
-0.204363 0.404727 -0.145822  0 -1 0  0.222632 0.718189  2 3 0 0  0.118289 0.881711 0 0 
-0.168192 0.404727 -0.049379  0 -1 0  0.206931 0.760051  2 3 9 0  0.004275 0.497862 0.497862 0 
-0.150625 0.404727 -0.492941  0 -1 0  0.199306 0.567517  2 3 0 0  0.430454 0.569546 0 0 
0.164259 0 -0.003473  0 -1 0  0.884626 0.041936  6 7 8 0  0.182287 0.762297 0.054275 0 
0.115409 0 -0.003473  0 -1 0  0.90583 0.041936  7 6 8 2  0.705715 0.21586 0.072268 0.005813 
0.114279 0 -0.061028  0 -1 0  0.906321 0.016953  6 7 8 2  0.491152 0.491152 0.010819 0.006441 
0.152958 0 -0.061028  0 -1 0  0.889532 0.016953  6 7 8 2  0.496922 0.496922 0.00496 0.001012 
0.164259 0 0.07236  0 -1 0  0.884626 0.074852  7 8 6 2  0.494595 0.494595 0.009074 0.001257 
0.115409 0 0.07236  0 -1 0  0.90583 0.074852  7 8 6 2  0.491223 0.491223 0.011768 0.005144 
-0.152958 0 -0.061028  0 -1 0  0.873872 0.016953  6 7 8 2  0.496922 0.496922 0.00496 0.001012 
-0.114279 0 -0.061028  0 -1 0  0.857083 0.016953  6 7 8 2  0.491152 0.491152 0.010819 0.006441 
-0.115409 0 -0.003473  0 -1 0  0.857574 0.041936  2 7 8 0  0.007413 0.899986 0.092162 0 
-0.164259 0 -0.003473  0 -1 0  0.878778 0.041936  6 7 8 0  0.182287 0.762297 0.054275 0 
-0.115409 0 0.07236  0 -1 0  0.857574 0.074852  7 8 6 2  0.491223 0.491223 0.011768 0.005144 
-0.164259 0 0.07236  0 -1 0  0.878778 0.074852  7 8 6 2  0.494595 0.494595 0.009074 0.001257 
0.164259 0.063907 -0.003473  0 0.942091 0.335357  0.851235 0.001992  6 8 0 0  0.981453 0.017569 0 0 
0.115409 0.063907 -0.003473  0 0.942091 0.335357  0.830031 0.001992  6 0 0 0  1 0 0 0 
0.115409 0.036912 0.07236  0 0.942091 0.335357  0.830031 0.034908  7 8 6 2  0.490613 0.490613 0.014138 0.003723 
0.164259 0.036912 0.07236  0 0.942091 0.335357  0.851235 0.034908  6 7 8 0  0.01037 0.494072 0.494072 0 
-0.115409 0.063907 -0.003473  0 0.942091 0.335357  0.824182 0.001992  2 6 8 0  0.004425 0.963008 0.03169 0 
-0.164259 0.063907 -0.003473  0 0.942091 0.335357  0.802978 0.001992  6 8 0 0  0.981453 0.017569 0 0 
-0.164259 0.036912 0.07236  0 0.942091 0.335357  0.802978 0.034908  7 8 0 0  0.499249 0.499249 0 0 
-0.115409 0.036912 0.07236  0 0.942091 0.335357  0.824182 0.034908  2 7 8 0  0.003777 0.497649 0.497649 0 
0.111323 0.498096 0.396631  -0.151203 0.877419 0.455273  0.678585 0.080265  2 3 4 0  0.05038 0.506451 0.443168 0 
0.264913 0.499056 0.444217  -0.151203 0.877419 0.455273  0.65793 0.146932  2 3 4 0  0.093236 0.454169 0.452595 0 
0.229051 0.531187 0.371958  -0.120642 0.908706 0.399623  0.689295 0.131366  2 3 4 0  0.087154 0.482888 0.429957 0 
0.104945 0.528568 0.334213  -0.120642 0.908706 0.399623  0.705678 0.077496  2 3 4 0  0.046003 0.616147 0.33785 0 
0.192125 0.550154 0.311446  -0.471737 0.624622 0.622343  0.71556 0.115338  2 3 4 0  0.08911 0.562126 0.348763 0 
0.092482 0.547552 0.293514  -0.066068 0.773563 0.630266  0.723344 0.072086  2 3 4 0  0.040449 0.751193 0.208358 0 
0.015597 0.655389 0.31939  0.803511 0.581158 0.128942  0.712112 0.038714  3 4 0 0  0.988294 0.011674 0 0 
0.021545 0.647067 0.284663  0.812177 0.582235 0.037023  0.727186 0.041295  3 4 0 0  0.997242 0.002702 0 0 
0.148718 0.582755 0.271486  -0.263888 0.476986 0.83836  0.732906 0.096496  2 3 4 0  0.062058 0.703225 0.234718 0 
0.094665 0.580481 0.269831  0.108227 0.567176 0.816455  0.733624 0.073034  3 4 2 9  0.835 0.133128 0.026633 0.005238 
0.027099 0.64156 0.264982  0.812177 0.582235 0.037023  0.735729 0.043706  3 4 0 0  0.997363 0.002496 0 0 
0.078652 0.632185 0.228229  0.161674 0.094279 0.98233  0.751682 0.066083  3 4 2 5  0.949703 0.037135 0.010392 0.002769 
0.101458 0.789027 0.354013  0.80133 -0.548384 0.23905  0.679233 0.214089  2 3 4 0  0.005185 0.497407 0.497407 0 
0.089862 0.753727 0.300332  0.80133 -0.548384 0.23905  0.655931 0.209056  2 3 4 0  0.006534 0.55397 0.439496 0 
0.058396 0.642811 0.261094  0.847849 -0.022243 0.52977  0.737416 0.057291  2 3 4 0  0.002082 0.965464 0.031876 0 
0.172936 0.787338 0.356089  -0.021138 -0.841997 0.539069  0.680133 0.245115  2 3 4 0  0.016909 0.491546 0.491546 0 
0.145989 0.752227 0.29828  -0.411815 -0.589507 0.694903  0.655041 0.233418  3 4 2 5  0.520091 0.452722 0.018891 0.008296 
-0.264913 0.499056 0.444217  0.151203 0.877419 0.455273  0.758257 0.038714  2 3 4 0  0.094487 0.453665 0.451848 0 
-0.111323 0.498096 0.396631  -0.803511 0.581158 0.128942  0.778912 0.105381  2 3 4 0  0.051007 0.506417 0.442576 0 
-0.104945 0.528568 0.334213  -0.812177 0.582235 0.037021  0.806006 0.108149  2 3 4 0  0.046734 0.615711 0.337555 0 
-0.229051 0.531187 0.371958  0.120642 0.908706 0.399623  0.789622 0.05428  2 3 4 0  0.088543 0.482681 0.428776 0 
-0.015597 0.655389 0.31939  -0.803511 0.581158 0.128942  0.81244 0.146932  3 4 0 0  0.986616 0.013356 0 0 
-0.021545 0.647067 0.284663  -0.80133 -0.548384 0.239051  0.691558 0.255934  3 4 0 0  0.996755 0.003192 0 0 
-0.092482 0.547552 0.293514  0.066068 0.773563 0.630267  0.823671 0.113559  2 3 4 0  0.041204 0.749953 0.208843 0 
-0.192125 0.550154 0.311446  0.471737 0.624622 0.622343  0.815888 0.070308  2 3 4 0  0.090639 0.561648 0.347712 0 
-0.027099 0.64156 0.264982  -0.80133 -0.548384 0.239051  0.683015 0.253523  3 4 0 0  0.996936 0.002875 0 0 
-0.094665 0.580481 0.269831  -0.108227 0.567176 0.816455  0.833951 0.112612  2 3 4 0  0.027514 0.837493 0.134993 0 
-0.148718 0.582755 0.271486  0.263888 0.476986 0.83836  0.833233 0.089149  2 3 4 0  0.063413 0.701794 0.234792 0 
-0.101458 0.789027 0.354013  0.021138 -0.841997 0.539068  0.72166 0.221246  3 4 2 5  0.496544 0.496544 0.005359 0.001554 
-0.089862 0.753727 0.300332  -0.04541 -0.715283 0.697358  0.698359 0.22628  3 4 2 5  0.552968 0.438698 0.006759 0.001575 
-0.078652 0.632185 0.228229  -0.161675 0.094279 0.98233  0.852009 0.119562  3 4 2 5  0.949286 0.038341 0.010907 0.001466 
-0.172936 0.787338 0.356089  0.021138 -0.841997 0.539068  0.722561 0.19022  3 4 2 5  0.488873 0.488873 0.017318 0.004936 
-0.145989 0.752227 0.29828  0.411815 -0.589507 0.694903  0.697468 0.201917  3 4 2 5  0.5222 0.453806 0.019549 0.004444 
-0.058396 0.642811 0.261094  -0.84785 -0.022243 0.52977  0.837744 0.128355  2 3 4 0  0.00224 0.963749 0.033612 0 
0.248715 0.651179 0.038344  0.851231 0.444366 -0.279185  0.380316 0.767397  2 3 4 0  0.402186 0.524555 0.073259 0 
0.254103 0.605437 -0.001068  0.971498 0.058879 -0.229621  0.360462 0.784504  2 3 0 0  0.349941 0.650059 0 0 
0.150625 0.510164 -0.452589  0.980173 -0.007792 -0.197989  0.319107 0.980493  2 3 0 0  0.441575 0.558425 0 0 
0.150625 0.603104 -0.337252  0.884375 0.374312 -0.278874  0.359449 0.930429  2 3 0 0  0.469709 0.530291 0 0 
0.366466 0.708891 0.489221  0.98712 0.039609 -0.154999  0.405367 0.571688  2 3 4 0  0.06887 0.465565 0.465565 0 
0.323298 0.687733 0.323926  0.85277 0.441391 -0.279206  0.396183 0.643436  2 3 4 0  0.103309 0.457724 0.438967 0 
0.204363 0.404727 -0.145822  0.980035 -0.073986 -0.184548  0.273341 0.847336  2 3 0 0  0.118289 0.881711 0 0 
0.150625 0.404727 -0.492941  0.981158 -0.04594 -0.187666  0.273341 0.998008  2 3 0 0  0.430454 0.569546 0 0 
0.184473 0.898268 0.264726  0.843075 0.434469 -0.316956  0.487569 0.669133  2 3 4 0  0.068491 0.467064 0.464445 0 
0.245886 0.834363 0.340481  0.824725 0.286875 -0.487373  0.45983 0.63625  2 3 4 0  0.04832 0.47584 0.47584 0 
0.258102 0.404727 0.201298  0.967664 -0.20294 -0.149807  0.273341 0.696665  2 3 4 0  0.200553 0.736262 0.063185 0 
0.243064 0.978575 0.331613  0.904131 0.426679 0.02219  0.522427 0.6401  2 3 4 0  0.073793 0.463104 0.463104 0 
0.364674 0.843733 0.410417  0.927284 0.355187 -0.118268  0.463897 0.605894  2 3 4 0  0.077687 0.461157 0.461157 0 
0.304164 0.404727 0.498829  -0.74337 0.224641 0.63003  0.578658 0.840785  2 3 4 0  0.149435 0.425297 0.425268 0 
0.269334 0.655748 0.36823  -0.74337 0.224641 0.63003  0.469699 0.897473  2 3 4 0  0.059087 0.472915 0.467998 0 
0.264913 0.499056 0.444217  -0.74337 0.224641 0.63003  0.537713 0.86449  2 3 4 0  0.093236 0.454169 0.452595 0 
-0.366466 0.708891 0.489221  -0.98712 0.039609 -0.154999  0.646793 0.571688  2 3 4 0  0.069906 0.465047 0.465047 0 
-0.258102 0.404727 0.201298  -0.967664 -0.202939 -0.149807  0.77882 0.696665  2 3 4 0  0.200669 0.736691 0.06264 0 
-0.304164 0.404727 0.498829  -0.967664 -0.202939 -0.149807  0.77882 0.567517  2 3 4 0  0.150725 0.42467 0.424605 0 
-0.204363 0.404727 -0.145822  -0.980035 -0.073986 -0.184548  0.77882 0.847336  2 3 0 0  0.118289 0.881711 0 0 
-0.254103 0.605437 -0.001068  -0.971498 0.058879 -0.229621  0.691699 0.784504  2 3 0 0  0.349941 0.650059 0 0 
-0.150625 0.404727 -0.492941  -0.981158 -0.04594 -0.187666  0.77882 0.998008  2 3 0 0  0.430454 0.569546 0 0 
-0.150625 0.510164 -0.452589  -0.980173 -0.007792 -0.197989  0.733053 0.980493  2 3 0 0  0.441575 0.558425 0 0 
-0.248715 0.651179 0.038344  -0.851231 0.444366 -0.279185  0.671844 0.767397  2 3 4 0  0.402456 0.524908 0.072636 0 
-0.323298 0.687733 0.323926  -0.852771 0.441391 -0.279206  0.655977 0.643436  2 3 4 0  0.105043 0.457297 0.43766 0 
-0.150625 0.603104 -0.337252  -0.884375 0.374312 -0.278874  0.692712 0.930429  2 3 0 0  0.469709 0.530291 0 0 
-0.245886 0.834363 0.340481  -0.824725 0.286875 -0.487373  0.59233 0.63625  2 3 4 0  0.049243 0.475378 0.475378 0 
-0.184473 0.898268 0.264726  -0.843075 0.434469 -0.316956  0.564592 0.669133  2 3 4 0  0.069369 0.466748 0.463883 0 
-0.243064 0.978575 0.331613  -0.904131 0.426679 0.02219  0.529733 0.6401  2 3 4 0  0.074556 0.462641 0.462641 0 
-0.364674 0.843733 0.410417  -0.927284 0.355187 -0.118269  0.588263 0.605894  2 3 4 0  0.078781 0.460609 0.460609 0 
0.100723 0.257047 0.086703  -0.996516 -0.081968 0.015427  0.349624 0.452138  5 0 0 0  1 0 0 0 
0.102004 0.220127 -0.026689  -0.996407 -0.082971 0.017018  0.300405 0.468163  5 0 0 0  1 0 0 0 
0.10369 0.220127 0.082165  -0.996413 -0.08321 0.015426  0.347654 0.468163  6 0 0 0  1 0 0 0 
0.088857 0.404727 0.104855  -0.996515 -0.081968 0.015427  0.357503 0.388035  3 5 2 9  0.467605 0.295543 0.223561 0.013291 
0.086469 0.404727 -0.049379  -0.996516 -0.081968 0.015427  0.290556 0.388035  3 5 2 6  0.631254 0.282075 0.081313 0.005358 
0.106034 0.188883 0.065037  -0.996408 -0.083002 0.016813  0.34022 0.481725  6 0 0 0  1 0 0 0 
0.114279 0.063907 -0.061028  -0.998019 -0.060349 0.017783  0.2855 0.535973  6 8 2 5  0.949263 0.027923 0.019234 0.003579 
0.115409 0.063907 -0.003473  -1 0 0  0.310482 0.535973  6 0 0 0  1 0 0 0 
0.114279 0 -0.061028  -0.999807 0 0.019631  0.2855 0.563712  6 7 8 2  0.491152 0.491152 0.010819 0.006441 
0.115409 0 -0.003473  -1 0 0  0.310482 0.563712  7 6 8 2  0.705715 0.21586 0.072268 0.005813 
0.115409 0 0.07236  -1 0 0  0.343399 0.563712  7 8 6 2  0.491223 0.491223 0.011768 0.005144 
0.115409 0.036912 0.07236  -1 0 0  0.343399 0.54769  7 8 6 2  0.490613 0.490613 0.014138 0.003723 
0.159682 0.220127 -0.026689  0.985717 0.003859 -0.168369  0.223424 0.468163  5 0 0 0  1 0 0 0 
0.179641 0.257047 0.086703  0.986187 -0.064229 -0.152675  0.174205 0.452138  5 0 0 0  1 0 0 0 
0.176534 0.220127 0.082165  0.988208 0.006216 -0.152988  0.176174 0.468163  6 0 0 0  1 0 0 0 
0.168192 0.404727 -0.049379  0.986187 -0.064229 -0.152675  0.233273 0.388035  2 3 5 0  0.004275 0.497862 0.497862 0 
0.192069 0.404727 0.104855  0.986187 -0.064229 -0.152675  0.166325 0.388035  2 3 5 0  0.039645 0.46659 0.493764 0 
0.174079 0.188883 0.065037  0.986057 0.004168 -0.166353  0.183609 0.481725  6 0 0 0  1 0 0 0 
0.164259 0.063907 -0.003473  1 0 0  0.213347 0.535973  6 8 0 0  0.981453 0.017569 0 0 
0.152958 0.063907 -0.061028  0.984485 0.002739 -0.175446  0.238329 0.535973  6 8 2 5  0.97787 0.016254 0.003924 0.001951 
0.164259 0 -0.003473  1 0 0  0.213347 0.563712  6 7 8 0  0.182287 0.762297 0.054275 0 
0.152958 0 -0.061028  0.981264 0 -0.19267  0.238329 0.563712  6 7 8 2  0.496922 0.496922 0.00496 0.001012 
0.164259 0.036912 0.07236  1 0 0  0.18043 0.54769  6 7 8 0  0.01037 0.494072 0.494072 0 
0.164259 0 0.07236  1 0 0  0.18043 0.563712  7 8 6 2  0.494595 0.494595 0.009074 0.001257 
-0.086469 0.404727 -0.049379  0.996516 -0.081968 0.015427  0.114098 0.388035  3 9 2 5  0.632539 0.282649 0.081479 0.003333 
-0.088857 0.404727 0.104855  0.996515 -0.081968 0.015427  0.047151 0.388035  3 9 2 6  0.449618 0.284175 0.214962 0.039124 
-0.100723 0.257047 0.086703  0.996516 -0.081968 0.015427  0.05503 0.452138  9 6 2 3  0.520931 0.440684 0.027477 0.0088 
-0.102004 0.220127 -0.026689  0.996407 -0.082971 0.017019  0.104249 0.468163  6 9 2 3  0.47501 0.353359 0.142865 0.017454 
-0.10369 0.220127 0.082164  0.996516 -0.081968 0.015427  0.057 0.468163  9 6 2 3  0.491817 0.491817 0.012348 0.002146 
-0.106034 0.188883 0.065037  0.996408 -0.083002 0.016813  0.064435 0.481725  6 9 2 7  0.645854 0.333691 0.013655 0.0034 
-0.115409 0.063907 -0.003473  0.997624 -0.066605 0.017588  0.094172 0.535973  2 6 8 0  0.004425 0.963008 0.03169 0 
-0.114279 0.063907 -0.061028  0.998019 -0.060349 0.017784  0.119155 0.535973  6 8 2 9  0.949063 0.028033 0.01931 0.003593 
-0.115409 0 -0.003473  1 0 0  0.094172 0.563712  2 7 8 0  0.007413 0.899986 0.092162 0 
-0.114279 0 -0.061028  0.999807 0 0.019631  0.119155 0.563712  6 7 8 2  0.491152 0.491152 0.010819 0.006441 
-0.115409 0.036912 0.07236  1 0 0  0.061256 0.54769  2 7 8 0  0.003777 0.497649 0.497649 0 
-0.115409 0 0.07236  1 0 0  0.061256 0.563712  7 8 6 2  0.491223 0.491223 0.011768 0.005144 
-0.192069 0.404727 0.104855  -0.986187 -0.064229 -0.152674  0.073903 0.208553  9 3 2 5  0.491238 0.464202 0.039442 0.005118 
-0.168192 0.404727 -0.049379  -0.986187 -0.064229 -0.152674  0.006956 0.208553  2 3 9 0  0.004275 0.497862 0.497862 0 
-0.159682 0.220127 -0.026689  -0.985717 0.003859 -0.168368  0.016805 0.288681  6 9 2 3  0.562588 0.394527 0.019717 0.014318 
-0.179641 0.257047 0.086703  -0.986187 -0.064229 -0.152674  0.066024 0.272656  9 6 3 2  0.549684 0.436935 0.007684 0.003966 
-0.176534 0.220127 0.082164  -0.986187 -0.064229 -0.152674  0.064054 0.288681  9 6 2 3  0.49755 0.49755 0.001807 0.001678 
-0.174079 0.188883 0.065037  -0.986058 0.004168 -0.166353  0.056619 0.302243  6 9 7 8  0.678455 0.314559 0.00255 0.00255 
-0.152958 0.063907 -0.061028  -0.984485 0.002739 -0.175445  0.001899 0.356491  6 8 2 9  0.97787 0.016254 0.003924 0.001951 
-0.164259 0.063907 -0.003473  -0.98481 0.003031 -0.173607  0.026882 0.356491  6 8 0 0  0.981453 0.017569 0 0 
-0.152958 0 -0.061028  -0.981264 0 -0.19267  0.001899 0.38423  6 7 8 2  0.496922 0.496922 0.00496 0.001012 
-0.164259 0 -0.003473  -1 0 0  0.026882 0.38423  6 7 8 0  0.182287 0.762297 0.054275 0 
-0.164259 0 0.07236  -1 0 0  0.059798 0.38423  7 8 6 2  0.494595 0.494595 0.009074 0.001257 
-0.164259 0.036912 0.07236  -1 0 0  0.059798 0.368208  7 8 0 0  0.499249 0.499249 0 0 
0.150889 0.641972 0.259576  -0.397568 -0.042697 0.916579  0.237894 0.322196  2 3 4 0  0.043747 0.707682 0.248572 0 
0.078652 0.632185 0.228229  0.161674 0.094279 0.98233  0.206538 0.326444  3 4 2 5  0.949703 0.037135 0.010392 0.002769 
0.148718 0.582755 0.271486  -0.263888 0.476986 0.83836  0.236951 0.3479  2 3 4 0  0.062058 0.703225 0.234718 0 
0.124602 0.704599 0.265095  -0.217447 -0.408794 0.886343  0.226483 0.295012  2 3 4 0  0.02034 0.677241 0.302419 0 
0.192125 0.550154 0.311446  -0.471737 0.624622 0.622343  0.255792 0.36205  2 3 4 0  0.08911 0.562126 0.348763 0 
0.182985 0.641875 0.266197  -0.635164 -0.093743 0.766667  0.251825 0.322238  2 3 4 0  0.063271 0.626807 0.309921 0 
0.145989 0.752227 0.29828  -0.411815 -0.589507 0.694903  0.235766 0.274338  3 4 2 5  0.520091 0.452722 0.018891 0.008296 
0.086188 0.707528 0.267708  0.24784 -0.480661 0.841154  0.209809 0.29374  2 3 4 0  0.008033 0.762681 0.229286 0 
0.229051 0.531187 0.371958  -0.749945 0.266415 0.60548  0.271821 0.370284  2 3 4 0  0.087154 0.482888 0.429957 0 
0.218444 0.647435 0.30124  -0.749945 0.266415 0.60548  0.267216 0.319824  2 3 4 0  0.062966 0.533118 0.403916 0 
0.172936 0.787338 0.356089  -0.649756 -0.431579 0.625745  0.247463 0.259098  2 3 4 0  0.016909 0.491546 0.491546 0 
0.089862 0.753727 0.300332  0.04541 -0.715283 0.697358  0.211404 0.273687  2 3 4 0  0.006534 0.55397 0.439496 0 
0.058396 0.642811 0.261094  0.301443 0.402104 0.864548  0.197745 0.321832  2 3 4 0  0.002082 0.965464 0.031876 0 
0.264913 0.499056 0.444217  -0.79479 0.273251 0.541888  0.287387 0.38423  2 3 4 0  0.093236 0.454169 0.452595 0 
0.269334 0.655748 0.36823  -0.79479 0.273251 0.541888  0.289306 0.316216  2 3 4 0  0.059087 0.472915 0.467998 0 
0.201604 0.832922 0.433437  -0.040188 -0.852206 0.52166  0.259907 0.239311  2 3 4 0  0.021492 0.489254 0.489254 0 
0.027099 0.64156 0.264982  0.301443 0.402104 0.864548  0.184161 0.322375  3 4 0 0  0.997363 0.002496 0 0 
0.105957 0.833835 0.426889  -0.040188 -0.852206 0.52166  0.21839 0.238915  3 4 2 5  0.494341 0.494341 0.007595 0.003724 
0.101458 0.789027 0.354013  -0.040188 -0.852206 0.52166  0.216437 0.258364  2 3 4 0  0.005185 0.497407 0.497407 0 
0.092482 0.547552 0.293514  -0.066068 0.773563 0.630266  0.212541 0.36318  2 3 4 0  0.040449 0.751193 0.208358 0 
0.094665 0.580481 0.269831  0.108227 0.567176 0.816455  0.213488 0.348886  3 4 2 9  0.835 0.133128 0.026633 0.005238 
0.015062 0.404727 -0.492941  0 0.35743 -0.93394  0.536483 0.182926  2 3 0 0  0.500481 0.499519 0 0 
0.015062 0.510164 -0.452589  0 0.617386 -0.786661  0.490717 0.182926  2 3 0 0  0.492155 0.507845 0 0 
0.150625 0.510164 -0.452589  -0 0.617386 -0.786661  0.490717 0.241769  2 3 0 0  0.441575 0.558425 0 0 
0.150625 0.404727 -0.492941  -0 0.35743 -0.93394  0.536483 0.241769  2 3 0 0  0.430454 0.569546 0 0 
0 0.404727 -0.492941  -0 0.35743 -0.93394  0.536483 0.176388  2 3 0 0  0.506541 0.493459 0 0 
0 0.510164 -0.452589  -0 0.617386 -0.786661  0.490717 0.176388  2 3 0 0  0.49554 0.50446 0 0 
-0.015062 0.404727 -0.492941  0 0.35743 -0.93394  0.536483 0.16985  2 3 0 0  0.500481 0.499519 0 0 
-0.015062 0.510164 -0.452589  0 0.617386 -0.786661  0.490717 0.16985  2 3 0 0  0.492155 0.507845 0 0 
-0.150625 0.510164 -0.452589  0 0.617386 -0.786661  0.490717 0.111008  2 3 0 0  0.441575 0.558425 0 0 
-0.150625 0.404727 -0.492941  0 0.35743 -0.93394  0.536483 0.111008  2 3 0 0  0.430454 0.569546 0 0 
0.179641 0.257047 0.086703  0 -0.121998 0.99253  0.119524 0.300395  5 0 0 0  1 0 0 0 
0.100723 0.257047 0.086703  0 -0.121998 0.99253  0.085268 0.300395  5 0 0 0  1 0 0 0 
0.10369 0.220127 0.082165  0 -0.480698 0.876886  0.086556 0.316421  6 0 0 0  1 0 0 0 
0.176534 0.220127 0.082165  0 -0.480698 0.876886  0.118175 0.316421  6 0 0 0  1 0 0 0 
0.192069 0.404727 0.104855  0 -0.121998 0.99253  0.124918 0.236293  2 3 5 0  0.039645 0.46659 0.493764 0 
0.088857 0.404727 0.104855  0 -0.121998 0.99253  0.080117 0.236293  3 5 2 9  0.467605 0.295543 0.223561 0.013291 
0.106034 0.188883 0.065037  0 -0.480697 0.876887  0.087573 0.329983  6 0 0 0  1 0 0 0 
0.174079 0.188883 0.065037  0 -0.480697 0.876887  0.117109 0.329983  6 0 0 0  1 0 0 0 
0.115409 0.063907 -0.003473  0 -0.480697 0.876887  0.091643 0.38423  6 0 0 0  1 0 0 0 
0.164259 0.063907 -0.003473  0 -0.480697 0.876887  0.112847 0.38423  6 8 0 0  0.981453 0.017569 0 0 
0.086469 0.404727 -0.049379  0 -0.121998 -0.99253  0.279651 0.388035  3 5 2 6  0.631254 0.282075 0.081313 0.005358 
0.168192 0.404727 -0.049379  0 -0.121998 -0.99253  0.244178 0.388035  2 3 5 0  0.004275 0.497862 0.497862 0 
0.159682 0.220127 -0.026689  0 0.214689 -0.976682  0.247872 0.468163  5 0 0 0  1 0 0 0 
0.102004 0.220127 -0.026689  0 0.214689 -0.976683  0.272907 0.468163  5 0 0 0  1 0 0 0 
0.152958 0.063907 -0.061028  0 0.16428 -0.986414  0.25079 0.535973  6 8 2 5  0.97787 0.016254 0.003924 0.001951 
0.114279 0.063907 -0.061028  0 0.165097 -0.986277  0.267579 0.535973  6 8 2 5  0.949263 0.027923 0.019234 0.003579 
0.152958 0 -0.061028  0 0 -1  0.25079 0.563712  6 7 8 2  0.496922 0.496922 0.00496 0.001012 
0.114279 0 -0.061028  0 0 -1  0.267579 0.563712  6 7 8 2  0.491152 0.491152 0.010819 0.006441 
-0.168192 0.404727 -0.049379  0 -0.121998 -0.99253  0.160477 0.388035  2 3 9 0  0.004275 0.497862 0.497862 0 
-0.086469 0.404727 -0.049379  0 -0.121998 -0.99253  0.125004 0.388035  3 9 2 5  0.632539 0.282649 0.081479 0.003333 
-0.102004 0.220127 -0.026689  0 0.214689 -0.976682  0.131747 0.468163  6 9 2 3  0.47501 0.353359 0.142865 0.017454 
-0.159682 0.220127 -0.026689  0 0.214689 -0.976682  0.156783 0.468163  6 9 2 3  0.562588 0.394527 0.019717 0.014318 
-0.114279 0.063907 -0.061028  0 0.165097 -0.986277  0.137075 0.535973  6 8 2 9  0.949063 0.028033 0.01931 0.003593 
-0.152958 0.063907 -0.061028  0 0.16428 -0.986414  0.153864 0.535973  6 8 2 9  0.97787 0.016254 0.003924 0.001951 
-0.114279 0 -0.061028  0 0 -1  0.137075 0.563712  6 7 8 2  0.491152 0.491152 0.010819 0.006441 
-0.152958 0 -0.061028  0 0 -1  0.153864 0.563712  6 7 8 2  0.496922 0.496922 0.00496 0.001012 
-0.088857 0.404727 0.104855  0 -0.121998 0.99253  0.17694 0.236293  3 9 2 6  0.449618 0.284175 0.214962 0.039124 
-0.192069 0.404727 0.104855  0 -0.121998 0.99253  0.132139 0.236293  9 3 2 5  0.491238 0.464202 0.039442 0.005118 
-0.179641 0.257047 0.086703  0 -0.121998 0.99253  0.137534 0.300395  9 6 3 2  0.549684 0.436935 0.007684 0.003966 
-0.100723 0.257047 0.086703  0 -0.121998 0.99253  0.171789 0.300395  9 6 2 3  0.520931 0.440684 0.027477 0.0088 
-0.176534 0.220127 0.082164  0 -0.121996 0.992531  0.138882 0.316421  9 6 2 3  0.49755 0.49755 0.001807 0.001678 
-0.10369 0.220127 0.082164  0 -0.121996 0.992531  0.170501 0.316421  9 6 2 3  0.491817 0.491817 0.012348 0.002146 
-0.174079 0.188883 0.065037  0 -0.480697 0.876887  0.139948 0.329983  6 9 7 8  0.678455 0.314559 0.00255 0.00255 
-0.106034 0.188883 0.065037  0 -0.480697 0.876887  0.169484 0.329983  6 9 2 7  0.645854 0.333691 0.013655 0.0034 
-0.164259 0.063907 -0.003473  0 -0.480697 0.876887  0.14421 0.38423  6 8 0 0  0.981453 0.017569 0 0 
-0.115409 0.063907 -0.003473  0 -0.480697 0.876887  0.165414 0.38423  2 6 8 0  0.004425 0.963008 0.03169 0 
0.164259 0.036912 0.07236  0 0 1  0.797129 0.034908  6 7 8 0  0.01037 0.494072 0.494072 0 
0.115409 0.036912 0.07236  0 0 1  0.797129 0.013705  7 8 6 2  0.490613 0.490613 0.014138 0.003723 
0.115409 0 0.07236  0 0 1  0.781107 0.013705  7 8 6 2  0.491223 0.491223 0.011768 0.005144 
0.164259 0 0.07236  0 0 1  0.781107 0.034908  7 8 6 2  0.494595 0.494595 0.009074 0.001257 
-0.115409 0.036912 0.07236  0 0 1  0.775258 0.034908  2 7 8 0  0.003777 0.497649 0.497649 0 
-0.164259 0.036912 0.07236  0 0 1  0.775258 0.013705  7 8 0 0  0.499249 0.499249 0 0 
-0.164259 0 0.07236  0 0 1  0.759236 0.013705  7 8 6 2  0.494595 0.494595 0.009074 0.001257 
-0.115409 0 0.07236  0 0 1  0.759236 0.034908  7 8 6 2  0.491223 0.491223 0.011768 0.005144 
0.197636 1.013054 0.498829  -0.023517 -0.36203 0.93187  0.627404 0.49043  2 3 4 0  0.046822 0.476589 0.476589 0 
0.019764 1.013054 0.498829  0.084281 -0.447614 0.890246  0.627404 0.413222  3 4 2 5  0.469799 0.469799 0.030701 0.015114 
0.105957 0.833835 0.426889  0.084281 -0.447614 0.890246  0.549612 0.450635  3 4 2 5  0.494341 0.494341 0.007595 0.003724 
0.201604 0.832922 0.433437  -0.023517 -0.36203 0.93187  0.549216 0.492152  2 3 4 0  0.021492 0.489254 0.489254 0 
0.021108 0.70314 0.369208  0.084281 -0.447614 0.890246  0.492882 0.413805  3 4 0 0  0.499997 0.499997 0 0 
0.015597 0.655389 0.31939  0.084281 -0.447614 0.890246  0.472155 0.411413  3 4 0 0  0.988294 0.011674 0 0 
0.366466 0.708891 0.489221  -0.541097 -0.382349 0.749015  0.495378 0.563712  2 3 4 0  0.06887 0.465565 0.465565 0 
0.269334 0.655748 0.36823  -0.541097 -0.382349 0.749015  0.472311 0.521551  2 3 4 0  0.059087 0.472915 0.467998 0 
0 1.013054 0.498829  -0 -0.316055 0.948741  0.627404 0.404643  3 4 2 9  0.469936 0.469936 0.030573 0.014777 
0 0.708326 0.422012  -0 0.029022 0.999579  0.495133 0.404643  3 4 0 0  0.499952 0.499952 0 0 
-0.019764 1.013054 0.498829  0.023517 -0.36203 0.93187  0.627404 0.396065  3 4 2 9  0.476729 0.476729 0.031188 0.015354 
-0.021108 0.70314 0.369208  -0.084282 -0.447614 0.890246  0.492882 0.395481  3 4 0 0  0.499998 0.499996 0 0 
-0.105957 0.833835 0.426889  0 0 0  0.549612 0.358651  3 4 2 5  0.494718 0.494718 0.007761 0.002803 
-0.015597 0.655389 0.31939  0 -0.124035 -0.992278  0.472155 0.397873  3 4 0 0  0.986616 0.013356 0 0 
-0.197636 1.013054 0.498829  0.541097 -0.382349 0.749015  0.627404 0.318857  2 3 4 0  0.047193 0.476404 0.476404 0 
-0.201604 0.832922 0.433437  0.541097 -0.382348 0.749015  0.549216 0.317135  3 4 2 9  0.478979 0.478979 0.021483 0.012965 
0 0 0  0 0 0  0 0  0 0 0 0  0 0 0 0 
-0.015597 0.655389 0.31939  0 -0.124035 -0.992278  0.472155 0.397873  3 4 0 0  0.986616 0.013356 0 0 
-0.366466 0.708891 0.489221  0.74337 0.224641 0.63003  0.495378 0.245574  2 3 4 0  0.069906 0.465047 0.465047 0 
-0.269334 0.655748 0.36823  0.74337 0.224641 0.63003  0.472311 0.287735  2 3 4 0  0.060377 0.472526 0.467097 0 
-0.111323 0.498096 0.396631  0 -0 -0  0.40388 0.356322  2 3 4 0  0.051007 0.506417 0.442576 0 
-0.111323 0.498096 0.396631  0 -0 -0  0.40388 0.356322  2 3 4 0  0.051007 0.506417 0.442576 0 
-0.304164 0.404727 0.498829  0.74337 0.224641 0.63003  0.363352 0.272617  2 3 4 0  0.150725 0.42467 0.424605 0 
-0.264913 0.499056 0.444217  0.74337 0.224641 0.63003  0.404296 0.289654  2 3 4 0  0.094487 0.453665 0.451848 0 
0.015597 0.655389 0.31939  0 0 -1  0.858585 0.078657  3 4 0 0  0.988294 0.011674 0 0 
0.111323 0.498096 0.396631  0 0 -0  0.900136 0.146932  2 3 4 0  0.05038 0.506451 0.443168 0 
0 0 0  0 0 0  0 0  0 0 0 0  0 0 0 0 
0.015597 0.655389 0.31939  0 0 -1  0.858585 0.078657  3 4 0 0  0.988294 0.011674 0 0 
-0.078652 0.632185 0.228229  -0.161675 0.094279 0.98233  0.378404 0.183982  3 4 2 5  0.949286 0.038341 0.010907 0.001466 
-0.086188 0.707528 0.267708  -0.24784 -0.48066 0.841154  0.375133 0.151279  3 4 2 5  0.759132 0.230951 0.008342 0.001575 
-0.124602 0.704599 0.265095  0.217447 -0.408794 0.886343  0.358459 0.15255  3 4 2 5  0.673362 0.301856 0.020921 0.003861 
-0.058396 0.642811 0.261094  -0.301444 0.402104 0.864548  0.387196 0.17937  2 3 4 0  0.00224 0.963749 0.033612 0 
-0.089862 0.753727 0.300332  -0.04541 -0.715283 0.697358  0.373538 0.131226  3 4 2 5  0.552968 0.438698 0.006759 0.001575 
-0.145989 0.752227 0.29828  0.411815 -0.589507 0.694903  0.349175 0.131876  3 4 2 5  0.5222 0.453806 0.019549 0.004444 
-0.150889 0.641972 0.259576  0.397567 -0.042697 0.916579  0.347048 0.179734  2 3 4 0  0.044938 0.706143 0.248918 0 
-0.027099 0.64156 0.264982  -0.301444 0.402104 0.864548  0.400781 0.179913  3 4 0 0  0.996936 0.002875 0 0 
-0.182985 0.641875 0.266197  0.635164 -0.093743 0.766667  0.333117 0.179776  2 3 4 0  0.064747 0.625903 0.309351 0 
-0.148718 0.582755 0.271486  0.263888 0.476986 0.83836  0.347991 0.205438  2 3 4 0  0.063413 0.701794 0.234792 0 
-0.092482 0.547552 0.293514  0.066068 0.773563 0.630267  0.372401 0.220718  2 3 4 0  0.041204 0.749953 0.208843 0 
-0.094665 0.580481 0.269831  -0.108227 0.567176 0.816455  0.371453 0.206425  2 3 4 0  0.027514 0.837493 0.134993 0 
-0.172936 0.787338 0.356089  0.649756 -0.431579 0.625745  0.337479 0.116636  3 4 2 5  0.488873 0.488873 0.017318 0.004936 
-0.218444 0.647435 0.30124  0.749945 0.266415 0.60548  0.317725 0.177363  2 3 4 0  0.064408 0.532903 0.40269 0 
-0.192125 0.550154 0.311446  0.471737 0.624622 0.622343  0.329149 0.219589  2 3 4 0  0.090639 0.561648 0.347712 0 
-0.201604 0.832922 0.433437  0.695063 -0.458048 0.554148  0.325035 0.09685  3 4 2 9  0.478979 0.478979 0.021483 0.012965 
-0.269334 0.655748 0.36823  0.79479 0.273251 0.541888  0.295636 0.173755  2 3 4 0  0.060377 0.472526 0.467097 0 
-0.229051 0.531187 0.371958  0.749945 0.266415 0.60548  0.313121 0.227822  2 3 4 0  0.088543 0.482681 0.428776 0 
-0.264913 0.499056 0.444217  0.79479 0.273251 0.541888  0.297555 0.241769  2 3 4 0  0.094487 0.453665 0.451848 0 
-0.105957 0.833835 0.426889  0.040188 -0.852207 0.52166  0.366551 0.096453  3 4 2 5  0.494718 0.494718 0.007761 0.002803 
-0.101458 0.789027 0.354013  0.040188 -0.852207 0.52166  0.368505 0.115903  3 4 2 5  0.496544 0.496544 0.005359 0.001554 
0.105957 0.833835 0.426889  0.768671 -0.569374 0.291475  0.90689 0.146932  3 4 2 5  0.494341 0.494341 0.007595 0.003724 
0.015597 0.655389 0.31939  0.768671 -0.569374 0.291475  0.946112 0.100271  3 4 0 0  0.988294 0.011674 0 0 
0.021545 0.647067 0.284663  0.768671 -0.569374 0.291475  0.943531 0.085197  3 4 0 0  0.997242 0.002702 0 0 
0.101458 0.789027 0.354013  0.768671 -0.569374 0.291475  0.908844 0.115299  2 3 4 0  0.005185 0.497407 0.497407 0 
-0.015597 0.655389 0.31939  -0.768671 -0.569374 0.291475  0.912169 0.03473  3 4 0 0  0.986616 0.013356 0 0 
-0.105957 0.833835 0.426889  -0.768671 -0.569374 0.291475  0.951391 0.081392  3 4 2 5  0.494718 0.494718 0.007761 0.002803 
-0.101458 0.789027 0.354013  -0.768671 -0.569374 0.291475  0.949438 0.049759  3 4 2 5  0.496544 0.496544 0.005359 0.001554 
-0.021545 0.647067 0.284663  -0.768671 -0.569374 0.291475  0.914751 0.019657  3 4 0 0  0.996755 0.003192 0 0 
-0.021108 0.70314 0.369208  -0.756686 0.047273 0.652067  0.464301 0.106782  3 4 0 0  0.499998 0.499996 0 0 
-0.030416 0.404727 0.496106  -0.761498 0.402945 0.507697  0.186699 0.155403  2 3 4 0  0.087737 0.45628 0.455984 0 
0 0.404727 0.498065  -0 0.333795 0.942646  0.447975 0.246924  2 3 4 0  0.08634 0.456899 0.456762 0 
0 0.708326 0.422012  -0 0.029022 0.999579  0.406501 0.116293  3 4 0 0  0.499952 0.499952 0 0 
-0.015597 0.655389 0.31939  -0.761498 0.402945 0.507697  0.109993 0.0466  3 4 0 0  0.986616 0.013356 0 0 
-0.111323 0.498096 0.396631  -0.761498 0.402945 0.507697  0.143521 0.114875  2 3 4 0  0.051007 0.506417 0.442576 0 
0.030416 0.404727 0.496106  0.719326 0.231878 0.65483  0.444539 0.246499  2 3 4 0  0.087583 0.45635 0.456067 0 
0.021108 0.70314 0.369208  0.761498 0.402945 0.507697  0.244781 0.025873  3 4 0 0  0.499997 0.499997 0 0 
0.111323 0.498096 0.396631  0.761498 0.402945 0.507697  0.232878 0.114875  2 3 4 0  0.05038 0.506451 0.443168 0 
0.015597 0.655389 0.31939  0.761498 0.402945 0.507697  0.266405 0.0466  3 4 0 0  0.988294 0.011674 0 0 
-0.030416 0.404727 0.496106  0.090885 0.643855 0.759731  0.487976 0.9971  2 3 4 0  0.087737 0.45628 0.455984 0 
-0.304164 0.404727 0.498829  0 -1 -0  0.265951 0.998008  2 3 4 0  0.150725 0.42467 0.424605 0 
0.304164 0.404727 0.498829  -0.090885 0.643855 0.759731  0.633204 0.998282  2 3 4 0  0.149435 0.425297 0.425268 0 
0.030416 0.404727 0.496106  0 -1 -0  0.120723 0.996826  2 3 4 0  0.087583 0.45635 0.456067 0 
0.304164 0.404727 0.498829  0.967664 -0.202939 -0.149807  0.273341 0.567517  2 3 4 0  0.149435 0.425297 0.425268 0 
0.366466 0.708891 0.489221  -0.74337 0.224641 0.63003  0.446632 0.844956  2 3 4 0  0.06887 0.465565 0.465565 0 
0.030416 0.404727 0.496106  0.761498 0.402945 0.507697  0.189699 0.155403  2 3 4 0  0.087583 0.45635 0.456067 0 
0.021108 0.70314 0.369208  0.756686 0.047273 0.652067  0.427476 0.106782  3 4 0 0  0.499997 0.499997 0 0 
-0.021108 0.70314 0.369208  -0.761498 0.402945 0.507697  0.131617 0.025873  3 4 0 0  0.499998 0.499996 0 0 
-0.030416 0.404727 0.496106  -0.719326 0.231878 0.65483  0.447239 0.246499  2 3 4 0  0.087737 0.45628 0.455984 0 
0 0.708326 0.422012  -0 0.029022 0.999579  0.485277 0.116293  3 4 0 0  0.499952 0.499952 0 0 
0 0.404727 0.498065  -0 0.333795 0.942646  0.443803 0.246924  2 3 4 0  0.08634 0.456899 0.456762 0 
0.027099 0.64156 0.264982  0.80133 -0.548384 0.23905  0.640587 0.181813  3 4 0 0  0.997363 0.002496 0 0 
0.021545 0.647067 0.284663  0.80133 -0.548384 0.23905  0.64913 0.179402  3 4 0 0  0.997242 0.002702 0 0 
-0.027099 0.64156 0.264982  -0.812177 0.582235 0.037021  0.836056 0.14194  3 4 0 0  0.996936 0.002875 0 0 
-0.021545 0.647067 0.284663  -0.812177 0.582235 0.037021  0.827514 0.14435  3 4 0 0  0.996755 0.003192 0 0 
i pCube1 978
215 216 217 
25 23 24 
23 25 22 
25 30 22 
30 25 31 
54 360 53 
360 52 53 
140 138 139 
138 140 137 
49 48 45 
50 48 49 
361 147 141 
239 237 238 
237 239 236 
153 154 155 
56 55 61 
61 62 56 
240 243 241 
243 240 242 
26 41 32 
41 26 35 
40 47 34 
42 34 47 
300 299 298 
299 300 301 
367 366 349 
366 367 347 
153 156 154 
56 70 64 
70 56 62 
84 86 83 
86 84 85 
141 147 143 
157 156 153 
64 78 72 
78 64 70 
63 79 66 
79 63 71 
143 139 138 
139 143 144 
61 358 68 
61 68 62 
91 92 89 
91 89 90 
80 82 70 
70 82 78 
242 245 244 
242 244 243 
41 39 32 
39 41 46 
47 40 48 
48 40 45 
321 319 318 
360 56 52 
56 360 55 
56 63 52 
63 56 64 
64 71 63 
71 64 72 
236 241 237 
241 236 240 
22 35 26 
35 22 30 
36 34 42 
34 36 28 
298 299 291 
299 294 291 
353 364 350 
350 368 353 
52 58 53 
58 52 57 
52 63 65 
52 65 57 
66 65 63 
65 66 67 
66 53 58 
66 58 67 
80 70 77 
80 77 81 
62 77 70 
77 62 74 
68 73 62 
62 73 74 
80 73 68 
73 80 81 
247 249 246 
249 247 248 
167 168 169 
259 257 258 
257 259 256 
179 180 181 
267 264 266 
264 265 266 
193 191 192 
191 193 194 
273 274 272 
272 274 275 
204 206 203 
206 204 205 
252 255 253 
255 252 254 
174 168 173 
168 174 172 
261 258 260 
258 261 259 
179 185 186 
185 179 184 
269 267 268 
267 266 268 
194 195 196 
278 277 276 
277 278 279 
207 205 208 
284 282 283 
282 284 285 
176 174 175 
174 173 175 
262 263 261 
262 261 260 
187 186 185 
186 187 188 
270 271 269 
270 269 268 
199 198 197 
198 199 200 
287 288 286 
286 288 289 
212 210 211 
210 209 211 
97 98 95 
97 95 96 
178 176 177 
176 178 174 
87 88 84 
87 84 83 
190 187 189 
187 185 189 
101 102 99 
101 99 100 
214 212 213 
212 214 210 
93 94 92 
93 92 91 
202 199 201 
199 197 201 
180 182 183 
182 180 179 
251 246 250 
246 251 247 
171 167 170 
167 171 168 
206 205 207 
275 274 276 
275 276 277 
194 193 195 
179 181 184 
248 253 249 
253 248 252 
169 168 172 
210 205 209 
205 210 208 
278 280 279 
279 280 281 
194 197 198 
197 194 196 
293 297 296 
296 290 293 
291 292 290 
290 292 293 
295 292 294 
291 294 292 
355 356 354 
354 363 355 
359 60 51 
60 359 59 
362 152 150 
152 362 151 
302 303 301 
301 300 302 
304 302 300 
302 304 305 
305 308 309 
308 305 304 
308 312 313 
308 313 309 
69 357 75 
69 75 76 
365 352 348 
352 365 351 
0 1 11 
1 2 12 
2 14 13 
14 2 3 
315 317 314 
4 5 15 
5 0 16 
302 307 303 
6 7 17 
7 8 18 
8 9 19 
9 10 20 
310 303 311 
303 307 311 
229 230 225 
229 225 224 
232 225 230 
225 232 233 
340 342 339 
342 340 341 
106 110 109 
109 103 106 
103 104 105 
103 105 106 
229 223 228 
223 229 224 
345 346 343 
343 344 345 
333 330 337 
337 330 338 
334 330 333 
330 334 331 
331 334 335 
334 336 335 
121 123 120 
123 121 122 
124 122 121 
122 124 372 
224 225 221 
224 221 220 
115 119 118 
119 115 116 
370 116 115 
116 370 369 
108 113 110 
110 106 108 
106 105 107 
106 107 108 
224 219 223 
219 224 220 
132 128 125 
125 131 132 
134 135 131 
131 135 132 
331 323 330 
323 331 326 
332 326 331 
331 335 332 
122 127 123 
127 122 126 
372 126 122 
126 372 371 
215 218 216 
136 133 129 
216 222 227 
111 114 112 
318 319 320 
327 318 324 
216 218 222 
112 114 117 
318 320 324 
129 133 130 
217 220 215 
220 217 219 
220 221 218 
220 218 215 
231 222 226 
222 231 227 
111 112 108 
108 107 111 
226 218 221 
218 226 222 
235 231 234 
231 235 227 
325 322 319 
325 319 321 
325 329 328 
329 325 321 
320 322 323 
322 320 319 
324 326 327 
326 332 327 
326 320 323 
320 326 324 
130 126 129 
126 130 127 
145 137 140 
157 153 161 
157 161 160 
37 44 29 
37 43 44 
163 161 153 
37 28 36 
28 37 29 
33 39 38 
39 33 32 
27 22 26 
22 27 23 
27 32 33 
32 27 26 
163 166 165 
166 163 153 
45 33 38 
33 45 40 
40 27 33 
27 40 34 
27 28 23 
28 27 34 
23 29 24 
29 23 28 
148 146 145 
164 163 165 
161 164 160 
164 161 163 
149 146 148 
146 149 141 
141 142 146 
162 160 164 
162 157 160 
157 162 159 
156 159 158 
159 156 157 
142 145 146 
145 142 137 
141 138 142 
142 138 137 
141 143 138 
x hana Assets/textures/hanaTex/hana.png
b pCube1 pCube1 pCube1 1
0 326 hana
t Hana
{ n RootNode
 { n pCube1 b pCube1 t 0 0.708891 0.194665  }
 { n joint1 m 1 0 0 0 0 1 0 0 0 0 1 0 
  { n joint2 t 0 0.540054 0.019054 m 1 0 0 0 0 1 0 -0.540054 0 0 1 -0.019054 
   { n joint3 t -0.002585 0.132909 0.352681 r -0.038557 0 0 m 1 0 0 -0.000811 0 1 0 -0.697423 0 0 1 -0.371735  }
   { n joint4 t 0.146854 -0.145466 -0.019054 m 1 0 0 -0.146854 0 1 0 -0.394589 0 0 1 0 
    { n joint5 t -0.004213 -0.168269 0.050164 m 1 0 0 -0.142641 0 1 0 -0.22632 0 0 1 -0.050164 
     { n joint6 t 0 -0.20521 -0.08527 m 1 0 0 -0.142641 0 1 0 -0.021109 0 0 1 0.035105 
      { n joint7 t 0 0.001389 0.081964 m 1 0 0 -0.142641 0 1 0 -0.022499 0 0 1 -0.046859  }
     }
    }
   }
   { n joint12 t -0.146854 -0.145465 -0.019054 m 1 0 0 0.146854 0 1 0 -0.394589 0 0 1 0 
    { n joint5 t 0.004213 -0.168269 0.050164 
     { n joint6 t -0 -0.205211 -0.08527 
      { n joint7 t 0 0.001389 0.081964  }
     }
    }
   }
  }
 }
}
