a Noa_down 72
{
 n RootNode 0
 n bottom 0
 n LO 9
  c tx 3
   d 0 0 3 0 0 
   d 1 0 3 0 0 
   d 60 0 3 0 0
  c ty 14
   d 0 0.000898 3 0 0 
   d 1 0.000898 3 0 0 
   d 7 -0.004942 3 -0.017695 -0.002949 
   d 8 -0.022806 3 -0.019999 -0.019999 
   d 9 -0.044543 3 -0.031996 -0.031996 
   d 10 -0.086165 3 -0.042031 -0.042031 
   d 11 -0.127773 3 -0.046898 -0.046898 
   d 12 -0.179033 3 -0.053251 -0.053251 
   d 13 -0.233221 3 -0.054742 -0.054742 
   d 14 -0.287433 3 -0.055073 -0.055073 
   d 15 -0.342276 3 -0.053022 -0.053022 
   d 16 -0.392427 3 -0.031394 -0.125575 
   d 20 -0.497691 3 0 0 
   d 60 -0.497691 3 0 0
  c tz 3
   d 0 0 3 0 0 
   d 1 0 3 0 0 
   d 60 0 3 0 0
  c rx 3
   d 0 0 3 0 0 
   d 1 0 3 0 0 
   d 60 0 3 0 0
  c ry 3
   d 0 0 3 0 0 
   d 1 0 3 0 0 
   d 60 0 3 0 0
  c rz 3
   d 0 0 3 0 0 
   d 1 0 3 0 0 
   d 60 0 3 0 0
  c sx 3
   d 0 1 3 0 0 
   d 1 1 3 0 0 
   d 60 1 3 0 0
  c sy 3
   d 0 1 3 0 0 
   d 1 1 3 0 0 
   d 60 1 3 0 0
  c sz 3
   d 0 1 3 0 0 
   d 1 1 3 0 0 
   d 60 1 3 0 0
 n tinnko 9
  c tx 2
   d 0 0 3 0 0 
   d 60 0 3 0 0
  c ty 2
   d 0 0.929654 3 0 0 
   d 60 0.929654 3 0 0
  c tz 2
   d 0 0.043908 3 0 0 
   d 60 0.043908 3 0 0
  c rx 2
   d 0 0 3 0 0 
   d 60 0 3 0 0
  c ry 2
   d 0 0 3 0 0 
   d 60 0 3 0 0
  c rz 2
   d 0 0 3 0 0 
   d 60 0 3 0 0
  c sx 2
   d 0 1 3 0 0 
   d 60 1 3 0 0
  c sy 2
   d 0 1 3 0 0 
   d 60 1 3 0 0
  c sz 2
   d 0 1 3 0 0 
   d 60 1 3 0 0
 n tinnko2 9
  c tx 2
   d 0 0 3 0 0 
   d 60 0 3 0 0
  c ty 2
   d 0 0 3 0 0 
   d 60 0 3 0 0
  c tz 2
   d 0 0 3 0 0 
   d 60 0 3 0 0
  c rx 2
   d 0 0 3 0 0 
   d 60 0 3 0 0
  c ry 2
   d 0 0 3 0 0 
   d 60 0 3 0 0
  c rz 2
   d 0 0 3 0 0 
   d 60 0 3 0 0
  c sx 2
   d 0 1 3 0 0 
   d 60 1 3 0 0
  c sy 2
   d 0 1 3 0 0 
   d 60 1 3 0 0
  c sz 2
   d 0 1 3 0 0 
   d 60 1 3 0 0
 n hidariasi 9
  c tx 2
   d 0 0.069899 3 0 0 
   d 60 0.069899 3 0 0
  c ty 2
   d 0 -0.068772 3 0 0 
   d 60 -0.068772 3 0 0
  c tz 2
   d 0 -0.005262 3 0 0 
   d 60 -0.005262 3 0 0
  c rx 2
   d 0 0 3 0 0 
   d 60 0 3 0 0
  c ry 2
   d 0 0 3 0 0 
   d 60 0 3 0 0
  c rz 2
   d 0 0 3 0 0 
   d 60 0 3 0 0
  c sx 2
   d 0 1 3 0 0 
   d 60 1 3 0 0
  c sy 2
   d 0 1 3 0 0 
   d 60 1 3 0 0
  c sz 2
   d 0 1 3 0 0 
   d 60 1 3 0 0
 n Lhiza 9
  c tx 3
   d 0 -0.020271 3 0 0 
   d 1 -0.020271 3 0 0 
   d 60 -0.020271 3 0 0
  c ty 3
   d 0 -0.331292 3 0 0 
   d 1 -0.331292 3 0 0 
   d 60 -0.331292 3 0 0
  c tz 3
   d 0 0.00697 3 0 0 
   d 1 0.00697 3 0 0 
   d 60 0.00697 3 0 0
  c rx 4
   d 0 0 3 0 0 
   d 1 0 3 0 0 
   d 20 1.692969 3 0 0 
   d 60 1.692969 3 0 0
  c ry 3
   d 0 0 3 0 0 
   d 1 0 3 0 0 
   d 60 0 3 0 0
  c rz 3
   d 0 0 3 0 0 
   d 1 0 3 0 0 
   d 60 0 3 0 0
  c sx 3
   d 0 1 3 0 0 
   d 1 1 3 0 0 
   d 60 1 3 0 0
  c sy 3
   d 0 1 3 0 0 
   d 1 1 3 0 0 
   d 60 1 3 0 0
  c sz 3
   d 0 1 3 0 0 
   d 1 1 3 0 0 
   d 60 1 3 0 0
 n L_kakato 9
  c tx 2
   d 0 0.019132 3 0 0 
   d 60 0.019132 3 0 0
  c ty 2
   d 0 -0.464835 3 0 0 
   d 60 -0.464835 3 0 0
  c tz 2
   d 0 -0.045616 3 0 0 
   d 60 -0.045616 3 0 0
  c rx 2
   d 0 0 3 0 0 
   d 60 0 3 0 0
  c ry 2
   d 0 0 3 0 0 
   d 60 0 3 0 0
  c rz 2
   d 0 0 3 0 0 
   d 60 0 3 0 0
  c sx 2
   d 0 1 3 0 0 
   d 60 1 3 0 0
  c sy 2
   d 0 1 3 0 0 
   d 60 1 3 0 0
  c sz 2
   d 0 1 3 0 0 
   d 60 1 3 0 0
 n L_asi 9
  c tx 2
   d 0 -0.00056 3 0 0 
   d 60 -0.00056 3 0 0
  c ty 2
   d 0 -0.029112 3 0 0 
   d 60 -0.029112 3 0 0
  c tz 2
   d 0 0.042824 3 0 0 
   d 60 0.042824 3 0 0
  c rx 2
   d 0 0 3 0 0 
   d 60 0 3 0 0
  c ry 2
   d 0 0 3 0 0 
   d 60 0 3 0 0
  c rz 2
   d 0 0 3 0 0 
   d 60 0 3 0 0
  c sx 2
   d 0 1 3 0 0 
   d 60 1 3 0 0
  c sy 2
   d 0 1 3 0 0 
   d 60 1 3 0 0
  c sz 2
   d 0 1 3 0 0 
   d 60 1 3 0 0
 n L_tumasaki 9
  c tx 2
   d 0 0 3 0 0 
   d 60 0 3 0 0
  c ty 2
   d 0 -0.00368 3 0 0 
   d 60 -0.00368 3 0 0
  c tz 2
   d 0 0.071897 3 0 0 
   d 60 0.071897 3 0 0
  c rx 2
   d 0 0 3 0 0 
   d 60 0 3 0 0
  c ry 2
   d 0 0 3 0 0 
   d 60 0 3 0 0
  c rz 2
   d 0 0 3 0 0 
   d 60 0 3 0 0
  c sx 2
   d 0 1 3 0 0 
   d 60 1 3 0 0
  c sy 2
   d 0 1 3 0 0 
   d 60 1 3 0 0
  c sz 2
   d 0 1 3 0 0 
   d 60 1 3 0 0
 n kosi 9
  c tx 2
   d 0 0.000108 3 0 0 
   d 60 0.000108 3 0 0
  c ty 2
   d 0 0.174818 3 0 0 
   d 60 0.174818 3 0 0
  c tz 2
   d 0 -0.003506 3 0 0 
   d 60 -0.003506 3 0 0
  c rx 2
   d 0 0 3 0 0 
   d 60 0 3 0 0
  c ry 2
   d 0 0 3 0 0 
   d 60 0 3 0 0
  c rz 2
   d 0 0 3 0 0 
   d 60 0 3 0 0
  c sx 2
   d 0 1 3 0 0 
   d 60 1 3 0 0
  c sy 2
   d 0 1 3 0 0 
   d 60 1 3 0 0
  c sz 2
   d 0 1 3 0 0 
   d 60 1 3 0 0
 n mune 9
  c tx 2
   d 0 -0.000108 3 0 0 
   d 60 -0.000108 3 0 0
  c ty 2
   d 0 0.201202 3 0 0 
   d 60 0.201202 3 0 0
  c tz 2
   d 0 -0.055398 3 0 0 
   d 60 -0.055398 3 0 0
  c rx 2
   d 0 -0.009728 3 0 0 
   d 60 -0.009728 3 0 0
  c ry 2
   d 0 0 3 0 0 
   d 60 0 3 0 0
  c rz 2
   d 0 0 3 0 0 
   d 60 0 3 0 0
  c sx 2
   d 0 1 3 0 0 
   d 60 1 3 0 0
  c sy 2
   d 0 1 3 0 0 
   d 60 1 3 0 0
  c sz 2
   d 0 1 3 0 0 
   d 60 1 3 0 0
 n atama 9
  c tx 4
   d 0 0 3 0 0 
   d 1 0 3 0 0 
   d 20 0 3 0 0 
   d 60 0 3 0 0
  c ty 4
   d 0 0.091035 3 0 0 
   d 1 0.091035 3 0 0 
   d 20 0.091035 3 0 0 
   d 60 0.091035 3 0 0
  c tz 4
   d 0 -0.004004 3 0 0 
   d 1 -0.004004 3 0 0 
   d 20 -0.004004 3 0 0 
   d 60 -0.004004 3 0 0
  c rx 9
   d 0 0 3 0 0 
   d 1 0 3 0 0 
   d 20 0 3 0 0 
   d 24 0.347295 3 0.151763 0.227644 
   d 30 0.422425 3 0.022917 0.030556 
   d 38 0.43251 3 0 0 
   d 45 0.422425 3 0.026736 0.026736 
   d 52 0.43251 3 0 0 
   d 60 0.422425 3 0.030556 0 
  c ry 8
   d 0 0 3 0 0 
   d 1 0 3 0 0 
   d 20 0 3 0 0 
   d 30 0.591349 3 0 0 
   d 38 -0.623203 3 0 0 
   d 45 0.591349 3 0 0 
   d 52 -0.623203 3 0 0 
   d 60 0.591349 3 0 0 
  c rz 8
   d 0 0 3 0 0 
   d 1 0 3 0 0 
   d 20 0 3 0 0 
   d 30 0.245524 3 0 0 
   d 38 -0.263194 3 0 0 
   d 45 0.245524 3 0 0 
   d 52 -0.263194 3 0 0 
   d 60 0.245524 3 0 0 
  c sx 4
   d 0 1 3 0 0 
   d 1 1 3 0 0 
   d 20 1 3 0 0 
   d 60 1 3 0 0
  c sy 4
   d 0 1 3 0 0 
   d 1 1 3 0 0 
   d 20 1 3 0 0 
   d 60 1 3 0 0
  c sz 4
   d 0 1 3 0 0 
   d 1 1 3 0 0 
   d 20 1 3 0 0 
   d 60 1 3 0 0
 n teppenn 9
  c tx 2
   d 0 0 3 0 0 
   d 60 0 3 0 0
  c ty 2
   d 0 0.129941 3 0 0 
   d 60 0.129941 3 0 0
  c tz 2
   d 0 0.000187 3 0 0 
   d 60 0.000187 3 0 0
  c rx 2
   d 0 0 3 0 0 
   d 60 0 3 0 0
  c ry 2
   d 0 0 3 0 0 
   d 60 0 3 0 0
  c rz 2
   d 0 0 3 0 0 
   d 60 0 3 0 0
  c sx 2
   d 0 1 3 0 0 
   d 60 1 3 0 0
  c sy 2
   d 0 1 3 0 0 
   d 60 1 3 0 0
  c sz 2
   d 0 1 3 0 0 
   d 60 1 3 0 0
 n L_kata 9
  c tx 3
   d 0 0.094409 3 0 0 
   d 1 0.094409 3 0 0 
   d 60 0.094409 3 0 0
  c ty 3
   d 0 -0.008314 3 0 0 
   d 1 -0.008314 3 0 0 
   d 60 -0.008314 3 0 0
  c tz 3
   d 0 0.004858 3 0 0 
   d 1 0.004858 3 0 0 
   d 60 0.004858 3 0 0
  c rx 3
   d 0 0 3 0 0 
   d 1 0 3 0 0 
   d 60 0 3 0 0
  c ry 4
   d 0 0 3 0 0 
   d 1 0 3 0 0 
   d 20 -1.308997 3 0 0 
   d 60 -1.308997 3 0 0
  c rz 3
   d 0 -1.291543 3 0 0 
   d 1 -1.291543 3 0 0 
   d 60 -1.291543 3 0 0
  c sx 3
   d 0 1 3 0 0 
   d 1 1 3 0 0 
   d 60 1 3 0 0
  c sy 3
   d 0 1 3 0 0 
   d 1 1 3 0 0 
   d 60 1 3 0 0
  c sz 3
   d 0 1 3 0 0 
   d 1 1 3 0 0 
   d 60 1 3 0 0
 n L_hizi 9
  c tx 3
   d 0 0.26051 3 0 0 
   d 1 0.26051 3 0 0 
   d 60 0.26051 3 0 0
  c ty 3
   d 0 0.002615 3 0 0 
   d 1 0.002615 3 0 0 
   d 60 0.002615 3 0 0
  c tz 3
   d 0 -0.004624 3 0 0 
   d 1 -0.004624 3 0 0 
   d 60 -0.004624 3 0 0
  c rx 3
   d 0 0 3 0 0 
   d 1 0 3 0 0 
   d 60 0 3 0 0
  c ry 4
   d 0 0 3 0 0 
   d 1 0 3 0 0 
   d 20 -2.146755 3 0 0 
   d 60 -2.146755 3 0 0
  c rz 3
   d 0 0 3 0 0 
   d 1 0 3 0 0 
   d 60 0 3 0 0
  c sx 3
   d 0 1 3 0 0 
   d 1 1 3 0 0 
   d 60 1 3 0 0
  c sy 3
   d 0 1 3 0 0 
   d 1 1 3 0 0 
   d 60 1 3 0 0
  c sz 3
   d 0 1 3 0 0 
   d 1 1 3 0 0 
   d 60 1 3 0 0
 n L_tekubi 9
  c tx 3
   d 0 0.155347 3 0 0 
   d 1 0.155347 3 0 0 
   d 60 0.155347 3 0 0
  c ty 3
   d 0 0.002773 3 0 0 
   d 1 0.002773 3 0 0 
   d 60 0.002773 3 0 0
  c tz 3
   d 0 0.000757 3 0 0 
   d 1 0.000757 3 0 0 
   d 60 0.000757 3 0 0
  c rx 4
   d 0 0 3 0 0 
   d 1 0 3 0 0 
   d 20 -1.466076 3 0 0 
   d 60 -1.466076 3 0 0
  c ry 3
   d 0 0 3 0 0 
   d 1 0 3 0 0 
   d 60 0 3 0 0
  c rz 3
   d 0 0 3 0 0 
   d 1 0 3 0 0 
   d 60 0 3 0 0
  c sx 3
   d 0 1 3 0 0 
   d 1 1 3 0 0 
   d 60 1 3 0 0
  c sy 3
   d 0 1 3 0 0 
   d 1 1 3 0 0 
   d 60 1 3 0 0
  c sz 3
   d 0 1 3 0 0 
   d 1 1 3 0 0 
   d 60 1 3 0 0
 n L_tenohira 9
  c tx 2
   d 0 0.028089 3 0 0 
   d 60 0.028089 3 0 0
  c ty 2
   d 0 0.005271 3 0 0 
   d 60 0.005271 3 0 0
  c tz 2
   d 0 -0.002415 3 0 0 
   d 60 -0.002415 3 0 0
  c rx 2
   d 0 0 3 0 0 
   d 60 0 3 0 0
  c ry 2
   d 0 0 3 0 0 
   d 60 0 3 0 0
  c rz 2
   d 0 0 3 0 0 
   d 60 0 3 0 0
  c sx 2
   d 0 1 3 0 0 
   d 60 1 3 0 0
  c sy 2
   d 0 1 3 0 0 
   d 60 1 3 0 0
  c sz 2
   d 0 1 3 0 0 
   d 60 1 3 0 0
 n L_koyubi 9
  c tx 2
   d 0 0.02865 3 0 0 
   d 60 0.02865 3 0 0
  c ty 2
   d 0 0.002957 3 0 0 
   d 60 0.002957 3 0 0
  c tz 2
   d 0 -0.024325 3 0 0 
   d 60 -0.024325 3 0 0
  c rx 2
   d 0 0 3 0 0 
   d 60 0 3 0 0
  c ry 2
   d 0 0 3 0 0 
   d 60 0 3 0 0
  c rz 2
   d 0 0 3 0 0 
   d 60 0 3 0 0
  c sx 2
   d 0 1 3 0 0 
   d 60 1 3 0 0
  c sy 2
   d 0 1 3 0 0 
   d 60 1 3 0 0
  c sz 2
   d 0 1 3 0 0 
   d 60 1 3 0 0
 n L_koyubi2 9
  c tx 2
   d 0 0.02628 3 0 0 
   d 60 0.02628 3 0 0
  c ty 2
   d 0 0.001885 3 0 0 
   d 60 0.001885 3 0 0
  c tz 2
   d 0 -0.000622 3 0 0 
   d 60 -0.000622 3 0 0
  c rx 2
   d 0 0 3 0 0 
   d 60 0 3 0 0
  c ry 2
   d 0 0 3 0 0 
   d 60 0 3 0 0
  c rz 2
   d 0 0 3 0 0 
   d 60 0 3 0 0
  c sx 2
   d 0 1 3 0 0 
   d 60 1 3 0 0
  c sy 2
   d 0 1 3 0 0 
   d 60 1 3 0 0
  c sz 2
   d 0 1 3 0 0 
   d 60 1 3 0 0
 n L_koyubi_3 9
  c tx 2
   d 0 0.018754 3 0 0 
   d 60 0.018754 3 0 0
  c ty 2
   d 0 0 3 0 0 
   d 60 0 3 0 0
  c tz 2
   d 0 0 3 0 0 
   d 60 0 3 0 0
  c rx 2
   d 0 0 3 0 0 
   d 60 0 3 0 0
  c ry 2
   d 0 0 3 0 0 
   d 60 0 3 0 0
  c rz 2
   d 0 0 3 0 0 
   d 60 0 3 0 0
  c sx 2
   d 0 1 3 0 0 
   d 60 1 3 0 0
  c sy 2
   d 0 1 3 0 0 
   d 60 1 3 0 0
  c sz 2
   d 0 1 3 0 0 
   d 60 1 3 0 0
 n L_kusuriyubi 9
  c tx 2
   d 0 0.02865 3 0 0 
   d 60 0.02865 3 0 0
  c ty 2
   d 0 0.002957 3 0 0 
   d 60 0.002957 3 0 0
  c tz 2
   d 0 -0.007529 3 0 0 
   d 60 -0.007529 3 0 0
  c rx 2
   d 0 0 3 0 0 
   d 60 0 3 0 0
  c ry 2
   d 0 0 3 0 0 
   d 60 0 3 0 0
  c rz 2
   d 0 0 3 0 0 
   d 60 0 3 0 0
  c sx 2
   d 0 1 3 0 0 
   d 60 1 3 0 0
  c sy 2
   d 0 1 3 0 0 
   d 60 1 3 0 0
  c sz 2
   d 0 1 3 0 0 
   d 60 1 3 0 0
 n L__kusuriyubi 9
  c tx 2
   d 0 0.036218 3 0 0 
   d 60 0.036218 3 0 0
  c ty 2
   d 0 0.001885 3 0 0 
   d 60 0.001885 3 0 0
  c tz 2
   d 0 0.000534 3 0 0 
   d 60 0.000534 3 0 0
  c rx 2
   d 0 0 3 0 0 
   d 60 0 3 0 0
  c ry 2
   d 0 0 3 0 0 
   d 60 0 3 0 0
  c rz 2
   d 0 0 3 0 0 
   d 60 0 3 0 0
  c sx 2
   d 0 1 3 0 0 
   d 60 1 3 0 0
  c sy 2
   d 0 1 3 0 0 
   d 60 1 3 0 0
  c sz 2
   d 0 1 3 0 0 
   d 60 1 3 0 0
 n Lyubisaki 9
  c tx 2
   d 0 0.018113 3 0 0 
   d 60 0.018113 3 0 0
  c ty 2
   d 0 0 3 0 0 
   d 60 0 3 0 0
  c tz 2
   d 0 0 3 0 0 
   d 60 0 3 0 0
  c rx 2
   d 0 0 3 0 0 
   d 60 0 3 0 0
  c ry 2
   d 0 0 3 0 0 
   d 60 0 3 0 0
  c rz 2
   d 0 0 3 0 0 
   d 60 0 3 0 0
  c sx 2
   d 0 1 3 0 0 
   d 60 1 3 0 0
  c sy 2
   d 0 1 3 0 0 
   d 60 1 3 0 0
  c sz 2
   d 0 1 3 0 0 
   d 60 1 3 0 0
 n Lnakayubi 9
  c tx 2
   d 0 0.02865 3 0 0 
   d 60 0.02865 3 0 0
  c ty 2
   d 0 0.002957 3 0 0 
   d 60 0.002957 3 0 0
  c tz 2
   d 0 0.008334 3 0 0 
   d 60 0.008334 3 0 0
  c rx 2
   d 0 0 3 0 0 
   d 60 0 3 0 0
  c ry 2
   d 0 0 3 0 0 
   d 60 0 3 0 0
  c rz 2
   d 0 0 3 0 0 
   d 60 0 3 0 0
  c sx 2
   d 0 1 3 0 0 
   d 60 1 3 0 0
  c sy 2
   d 0 1 3 0 0 
   d 60 1 3 0 0
  c sz 2
   d 0 1 3 0 0 
   d 60 1 3 0 0
 n L_nakayubi2 9
  c tx 2
   d 0 0.041027 3 0 0 
   d 60 0.041027 3 0 0
  c ty 2
   d 0 0.001885 3 0 0 
   d 60 0.001885 3 0 0
  c tz 2
   d 0 0.000219 3 0 0 
   d 60 0.000219 3 0 0
  c rx 2
   d 0 0 3 0 0 
   d 60 0 3 0 0
  c ry 2
   d 0 0 3 0 0 
   d 60 0 3 0 0
  c rz 2
   d 0 0 3 0 0 
   d 60 0 3 0 0
  c sx 2
   d 0 1 3 0 0 
   d 60 1 3 0 0
  c sy 2
   d 0 1 3 0 0 
   d 60 1 3 0 0
  c sz 2
   d 0 1 3 0 0 
   d 60 1 3 0 0
 n Lnakayubi 9
  c tx 2
   d 0 0.021319 3 0 0 
   d 60 0.021319 3 0 0
  c ty 2
   d 0 0 3 0 0 
   d 60 0 3 0 0
  c tz 2
   d 0 0 3 0 0 
   d 60 0 3 0 0
  c rx 2
   d 0 0 3 0 0 
   d 60 0 3 0 0
  c ry 2
   d 0 0 3 0 0 
   d 60 0 3 0 0
  c rz 2
   d 0 0 3 0 0 
   d 60 0 3 0 0
  c sx 2
   d 0 1 3 0 0 
   d 60 1 3 0 0
  c sy 2
   d 0 1 3 0 0 
   d 60 1 3 0 0
  c sz 2
   d 0 1 3 0 0 
   d 60 1 3 0 0
 n L_hitosasiyubi 9
  c tx 2
   d 0 0.02865 3 0 0 
   d 60 0.02865 3 0 0
  c ty 2
   d 0 0.002957 3 0 0 
   d 60 0.002957 3 0 0
  c tz 2
   d 0 0.023886 3 0 0 
   d 60 0.023886 3 0 0
  c rx 2
   d 0 0 3 0 0 
   d 60 0 3 0 0
  c ry 2
   d 0 0 3 0 0 
   d 60 0 3 0 0
  c rz 2
   d 0 0 3 0 0 
   d 60 0 3 0 0
  c sx 2
   d 0 1 3 0 0 
   d 60 1 3 0 0
  c sy 2
   d 0 1 3 0 0 
   d 60 1 3 0 0
  c sz 2
   d 0 1 3 0 0 
   d 60 1 3 0 0
 n L_hitosasiyubi 9
  c tx 2
   d 0 0.036218 3 0 0 
   d 60 0.036218 3 0 0
  c ty 2
   d 0 0.001885 3 0 0 
   d 60 0.001885 3 0 0
  c tz 2
   d 0 -0.000265 3 0 0 
   d 60 -0.000265 3 0 0
  c rx 2
   d 0 0 3 0 0 
   d 60 0 3 0 0
  c ry 2
   d 0 0 3 0 0 
   d 60 0 3 0 0
  c rz 2
   d 0 0 3 0 0 
   d 60 0 3 0 0
  c sx 2
   d 0 1 3 0 0 
   d 60 1 3 0 0
  c sy 2
   d 0 1 3 0 0 
   d 60 1 3 0 0
  c sz 2
   d 0 1 3 0 0 
   d 60 1 3 0 0
 n L_hitosasiyubi 9
  c tx 2
   d 0 0.019235 3 0 0 
   d 60 0.019235 3 0 0
  c ty 2
   d 0 0 3 0 0 
   d 60 0 3 0 0
  c tz 2
   d 0 0 3 0 0 
   d 60 0 3 0 0
  c rx 2
   d 0 0 3 0 0 
   d 60 0 3 0 0
  c ry 2
   d 0 0 3 0 0 
   d 60 0 3 0 0
  c rz 2
   d 0 0 3 0 0 
   d 60 0 3 0 0
  c sx 2
   d 0 1 3 0 0 
   d 60 1 3 0 0
  c sy 2
   d 0 1 3 0 0 
   d 60 1 3 0 0
  c sz 2
   d 0 1 3 0 0 
   d 60 1 3 0 0
 n L_oyayubi 9
  c tx 2
   d 0 0.003742 3 0 0 
   d 60 0.003742 3 0 0
  c ty 2
   d 0 -0.007722 3 0 0 
   d 60 -0.007722 3 0 0
  c tz 2
   d 0 0.031351 3 0 0 
   d 60 0.031351 3 0 0
  c rx 2
   d 0 0 3 0 0 
   d 60 0 3 0 0
  c ry 2
   d 0 0 3 0 0 
   d 60 0 3 0 0
  c rz 2
   d 0 0 3 0 0 
   d 60 0 3 0 0
  c sx 2
   d 0 1 3 0 0 
   d 60 1 3 0 0
  c sy 2
   d 0 1 3 0 0 
   d 60 1 3 0 0
  c sz 2
   d 0 1 3 0 0 
   d 60 1 3 0 0
 n L_oayubi2 9
  c tx 2
   d 0 0.017046 3 0 0 
   d 60 0.017046 3 0 0
  c ty 2
   d 0 0.009267 3 0 0 
   d 60 0.009267 3 0 0
  c tz 2
   d 0 0.012073 3 0 0 
   d 60 0.012073 3 0 0
  c rx 2
   d 0 0 3 0 0 
   d 60 0 3 0 0
  c ry 2
   d 0 0 3 0 0 
   d 60 0 3 0 0
  c rz 2
   d 0 0 3 0 0 
   d 60 0 3 0 0
  c sx 2
   d 0 1 3 0 0 
   d 60 1 3 0 0
  c sy 2
   d 0 1 3 0 0 
   d 60 1 3 0 0
  c sz 2
   d 0 1 3 0 0 
   d 60 1 3 0 0
 n L_oyayubi3 9
  c tx 2
   d 0 0.021648 3 0 0 
   d 60 0.021648 3 0 0
  c ty 2
   d 0 0 3 0 0 
   d 60 0 3 0 0
  c tz 2
   d 0 0 3 0 0 
   d 60 0 3 0 0
  c rx 2
   d 0 0 3 0 0 
   d 60 0 3 0 0
  c ry 2
   d 0 0 3 0 0 
   d 60 0 3 0 0
  c rz 2
   d 0 0 3 0 0 
   d 60 0 3 0 0
  c sx 2
   d 0 1 3 0 0 
   d 60 1 3 0 0
  c sy 2
   d 0 1 3 0 0 
   d 60 1 3 0 0
  c sz 2
   d 0 1 3 0 0 
   d 60 1 3 0 0
 n L_buki 9
  c tx 2
   d 0 0.000012 3 0 0 
   d 60 0.000012 3 0 0
  c ty 2
   d 0 -0.061796 3 0 0 
   d 60 -0.061796 3 0 0
  c tz 2
   d 0 0.000059 3 0 0 
   d 60 0.000059 3 0 0
  c rx 2
   d 0 0 3 0 0 
   d 60 0 3 0 0
  c ry 2
   d 0 0 3 0 0 
   d 60 0 3 0 0
  c rz 2
   d 0 0 3 0 0 
   d 60 0 3 0 0
  c sx 2
   d 0 1 3 0 0 
   d 60 1 3 0 0
  c sy 2
   d 0 1 3 0 0 
   d 60 1 3 0 0
  c sz 2
   d 0 1 3 0 0 
   d 60 1 3 0 0
 n R_kata 9
  c tx 3
   d 0 -0.094409 3 0 0 
   d 1 -0.094409 3 0 0 
   d 60 -0.094409 3 0 0
  c ty 3
   d 0 -0.008314 3 0 0 
   d 1 -0.008314 3 0 0 
   d 60 -0.008314 3 0 0
  c tz 3
   d 0 0.004858 3 0 0 
   d 1 0.004858 3 0 0 
   d 60 0.004858 3 0 0
  c rx 3
   d 0 0 3 0 0 
   d 1 0 3 0 0 
   d 60 0 3 0 0
  c ry 4
   d 0 0 3 0 0 
   d 1 0 3 0 0 
   d 20 1.291543 3 0 0 
   d 60 1.291543 3 0 0
  c rz 3
   d 0 1.291543 3 0 0 
   d 1 1.291543 3 0 0 
   d 60 1.291543 3 0 0
  c sx 3
   d 0 1 3 0 0 
   d 1 1 3 0 0 
   d 60 1 3 0 0
  c sy 3
   d 0 1 3 0 0 
   d 1 1 3 0 0 
   d 60 1 3 0 0
  c sz 3
   d 0 1 3 0 0 
   d 1 1 3 0 0 
   d 60 1 3 0 0
 n R_hizi 9
  c tx 3
   d 0 -0.274757 3 0 0 
   d 1 -0.274757 3 0 0 
   d 60 -0.274757 3 0 0
  c ty 3
   d 0 0.002481 3 0 0 
   d 1 0.002481 3 0 0 
   d 60 0.002481 3 0 0
  c tz 3
   d 0 -0.004624 3 0 0 
   d 1 -0.004624 3 0 0 
   d 60 -0.004624 3 0 0
  c rx 3
   d 0 0 3 0 0 
   d 1 0 3 0 0 
   d 60 0 3 0 0
  c ry 4
   d 0 0 3 0 0 
   d 1 0 3 0 0 
   d 20 2.146755 3 0 0 
   d 60 2.146755 3 0 0
  c rz 3
   d 0 0 3 0 0 
   d 1 0 3 0 0 
   d 60 0 3 0 0
  c sx 3
   d 0 1 3 0 0 
   d 1 1 3 0 0 
   d 60 1 3 0 0
  c sy 3
   d 0 1 3 0 0 
   d 1 1 3 0 0 
   d 60 1 3 0 0
  c sz 3
   d 0 1 3 0 0 
   d 1 1 3 0 0 
   d 60 1 3 0 0
 n R_tekubi_ 9
  c tx 2
   d 0 -0.155347 3 0 0 
   d 60 -0.155347 3 0 0
  c ty 2
   d 0 0.00277 3 0 0 
   d 60 0.00277 3 0 0
  c tz 2
   d 0 0.000757 3 0 0 
   d 60 0.000757 3 0 0
  c rx 2
   d 0 -13.683378 3 0 0 
   d 60 -13.683378 3 0 0
  c ry 2
   d 0 0 3 0 0 
   d 60 0 3 0 0
  c rz 2
   d 0 0 3 0 0 
   d 60 0 3 0 0
  c sx 2
   d 0 1 3 0 0 
   d 60 1 3 0 0
  c sy 2
   d 0 1 3 0 0 
   d 60 1 3 0 0
  c sz 2
   d 0 1 3 0 0 
   d 60 1 3 0 0
 n R_tenohira 9
  c tx 2
   d 0 -0.028089 3 0 0 
   d 60 -0.028089 3 0 0
  c ty 2
   d 0 0.00527 3 0 0 
   d 60 0.00527 3 0 0
  c tz 2
   d 0 -0.002415 3 0 0 
   d 60 -0.002415 3 0 0
  c rx 2
   d 0 0 3 0 0 
   d 60 0 3 0 0
  c ry 2
   d 0 0 3 0 0 
   d 60 0 3 0 0
  c rz 2
   d 0 0 3 0 0 
   d 60 0 3 0 0
  c sx 2
   d 0 1 3 0 0 
   d 60 1 3 0 0
  c sy 2
   d 0 1 3 0 0 
   d 60 1 3 0 0
  c sz 2
   d 0 1 3 0 0 
   d 60 1 3 0 0
 n R_koyubi 9
  c tx 2
   d 0 -0.02865 3 0 0 
   d 60 -0.02865 3 0 0
  c ty 2
   d 0 0.00296 3 0 0 
   d 60 0.00296 3 0 0
  c tz 2
   d 0 -0.024325 3 0 0 
   d 60 -0.024325 3 0 0
  c rx 2
   d 0 0 3 0 0 
   d 60 0 3 0 0
  c ry 2
   d 0 0 3 0 0 
   d 60 0 3 0 0
  c rz 2
   d 0 0 3 0 0 
   d 60 0 3 0 0
  c sx 2
   d 0 1 3 0 0 
   d 60 1 3 0 0
  c sy 2
   d 0 1 3 0 0 
   d 60 1 3 0 0
  c sz 2
   d 0 1 3 0 0 
   d 60 1 3 0 0
 n R_koyubi2 9
  c tx 2
   d 0 -0.02628 3 0 0 
   d 60 -0.02628 3 0 0
  c ty 2
   d 0 0.00188 3 0 0 
   d 60 0.00188 3 0 0
  c tz 2
   d 0 -0.000622 3 0 0 
   d 60 -0.000622 3 0 0
  c rx 2
   d 0 0 3 0 0 
   d 60 0 3 0 0
  c ry 2
   d 0 0 3 0 0 
   d 60 0 3 0 0
  c rz 2
   d 0 0 3 0 0 
   d 60 0 3 0 0
  c sx 2
   d 0 1 3 0 0 
   d 60 1 3 0 0
  c sy 2
   d 0 1 3 0 0 
   d 60 1 3 0 0
  c sz 2
   d 0 1 3 0 0 
   d 60 1 3 0 0
 n R_koyubi 9
  c tx 2
   d 0 -0.018754 3 0 0 
   d 60 -0.018754 3 0 0
  c ty 2
   d 0 0 3 0 0 
   d 60 0 3 0 0
  c tz 2
   d 0 0 3 0 0 
   d 60 0 3 0 0
  c rx 2
   d 0 0 3 0 0 
   d 60 0 3 0 0
  c ry 2
   d 0 0 3 0 0 
   d 60 0 3 0 0
  c rz 2
   d 0 0 3 0 0 
   d 60 0 3 0 0
  c sx 2
   d 0 1 3 0 0 
   d 60 1 3 0 0
  c sy 2
   d 0 1 3 0 0 
   d 60 1 3 0 0
  c sz 2
   d 0 1 3 0 0 
   d 60 1 3 0 0
 n R_nakayubi 9
  c tx 2
   d 0 -0.02865 3 0 0 
   d 60 -0.02865 3 0 0
  c ty 2
   d 0 0.00296 3 0 0 
   d 60 0.00296 3 0 0
  c tz 2
   d 0 -0.007529 3 0 0 
   d 60 -0.007529 3 0 0
  c rx 2
   d 0 0 3 0 0 
   d 60 0 3 0 0
  c ry 2
   d 0 0 3 0 0 
   d 60 0 3 0 0
  c rz 2
   d 0 0 3 0 0 
   d 60 0 3 0 0
  c sx 2
   d 0 1 3 0 0 
   d 60 1 3 0 0
  c sy 2
   d 0 1 3 0 0 
   d 60 1 3 0 0
  c sz 2
   d 0 1 3 0 0 
   d 60 1 3 0 0
 n R_nakayubi2 9
  c tx 2
   d 0 -0.036218 3 0 0 
   d 60 -0.036218 3 0 0
  c ty 2
   d 0 0.00188 3 0 0 
   d 60 0.00188 3 0 0
  c tz 2
   d 0 0.000534 3 0 0 
   d 60 0.000534 3 0 0
  c rx 2
   d 0 0 3 0 0 
   d 60 0 3 0 0
  c ry 2
   d 0 0 3 0 0 
   d 60 0 3 0 0
  c rz 2
   d 0 0 3 0 0 
   d 60 0 3 0 0
  c sx 2
   d 0 1 3 0 0 
   d 60 1 3 0 0
  c sy 2
   d 0 1 3 0 0 
   d 60 1 3 0 0
  c sz 2
   d 0 1 3 0 0 
   d 60 1 3 0 0
 n R_nakayubi_3 9
  c tx 2
   d 0 -0.018113 3 0 0 
   d 60 -0.018113 3 0 0
  c ty 2
   d 0 0 3 0 0 
   d 60 0 3 0 0
  c tz 2
   d 0 0 3 0 0 
   d 60 0 3 0 0
  c rx 2
   d 0 0 3 0 0 
   d 60 0 3 0 0
  c ry 2
   d 0 0 3 0 0 
   d 60 0 3 0 0
  c rz 2
   d 0 0 3 0 0 
   d 60 0 3 0 0
  c sx 2
   d 0 1 3 0 0 
   d 60 1 3 0 0
  c sy 2
   d 0 1 3 0 0 
   d 60 1 3 0 0
  c sz 2
   d 0 1 3 0 0 
   d 60 1 3 0 0
 n R_nakayubi3 9
  c tx 2
   d 0 -0.02865 3 0 0 
   d 60 -0.02865 3 0 0
  c ty 2
   d 0 0.00296 3 0 0 
   d 60 0.00296 3 0 0
  c tz 2
   d 0 0.008334 3 0 0 
   d 60 0.008334 3 0 0
  c rx 2
   d 0 0 3 0 0 
   d 60 0 3 0 0
  c ry 2
   d 0 0 3 0 0 
   d 60 0 3 0 0
  c rz 2
   d 0 0 3 0 0 
   d 60 0 3 0 0
  c sx 2
   d 0 1 3 0 0 
   d 60 1 3 0 0
  c sy 2
   d 0 1 3 0 0 
   d 60 1 3 0 0
  c sz 2
   d 0 1 3 0 0 
   d 60 1 3 0 0
 n R_nakayubi2 9
  c tx 2
   d 0 -0.041027 3 0 0 
   d 60 -0.041027 3 0 0
  c ty 2
   d 0 0.00188 3 0 0 
   d 60 0.00188 3 0 0
  c tz 2
   d 0 0.000219 3 0 0 
   d 60 0.000219 3 0 0
  c rx 2
   d 0 0 3 0 0 
   d 60 0 3 0 0
  c ry 2
   d 0 0 3 0 0 
   d 60 0 3 0 0
  c rz 2
   d 0 0 3 0 0 
   d 60 0 3 0 0
  c sx 2
   d 0 1 3 0 0 
   d 60 1 3 0 0
  c sy 2
   d 0 1 3 0 0 
   d 60 1 3 0 0
  c sz 2
   d 0 1 3 0 0 
   d 60 1 3 0 0
 n R_nakayubi3 9
  c tx 2
   d 0 -0.021319 3 0 0 
   d 60 -0.021319 3 0 0
  c ty 2
   d 0 0 3 0 0 
   d 60 0 3 0 0
  c tz 2
   d 0 0 3 0 0 
   d 60 0 3 0 0
  c rx 2
   d 0 0 3 0 0 
   d 60 0 3 0 0
  c ry 2
   d 0 0 3 0 0 
   d 60 0 3 0 0
  c rz 2
   d 0 0 3 0 0 
   d 60 0 3 0 0
  c sx 2
   d 0 1 3 0 0 
   d 60 1 3 0 0
  c sy 2
   d 0 1 3 0 0 
   d 60 1 3 0 0
  c sz 2
   d 0 1 3 0 0 
   d 60 1 3 0 0
 n R_hitosasiyubi 9
  c tx 2
   d 0 -0.02865 3 0 0 
   d 60 -0.02865 3 0 0
  c ty 2
   d 0 0.00296 3 0 0 
   d 60 0.00296 3 0 0
  c tz 2
   d 0 0.023886 3 0 0 
   d 60 0.023886 3 0 0
  c rx 2
   d 0 0 3 0 0 
   d 60 0 3 0 0
  c ry 2
   d 0 0 3 0 0 
   d 60 0 3 0 0
  c rz 2
   d 0 0 3 0 0 
   d 60 0 3 0 0
  c sx 2
   d 0 1 3 0 0 
   d 60 1 3 0 0
  c sy 2
   d 0 1 3 0 0 
   d 60 1 3 0 0
  c sz 2
   d 0 1 3 0 0 
   d 60 1 3 0 0
 n R_hitosasiyubi2 9
  c tx 2
   d 0 -0.036218 3 0 0 
   d 60 -0.036218 3 0 0
  c ty 2
   d 0 0.00188 3 0 0 
   d 60 0.00188 3 0 0
  c tz 2
   d 0 -0.000265 3 0 0 
   d 60 -0.000265 3 0 0
  c rx 2
   d 0 0 3 0 0 
   d 60 0 3 0 0
  c ry 2
   d 0 0 3 0 0 
   d 60 0 3 0 0
  c rz 2
   d 0 0 3 0 0 
   d 60 0 3 0 0
  c sx 2
   d 0 1 3 0 0 
   d 60 1 3 0 0
  c sy 2
   d 0 1 3 0 0 
   d 60 1 3 0 0
  c sz 2
   d 0 1 3 0 0 
   d 60 1 3 0 0
 n R_hitosasiyubi3 9
  c tx 2
   d 0 -0.019235 3 0 0 
   d 60 -0.019235 3 0 0
  c ty 2
   d 0 0 3 0 0 
   d 60 0 3 0 0
  c tz 2
   d 0 0 3 0 0 
   d 60 0 3 0 0
  c rx 2
   d 0 0 3 0 0 
   d 60 0 3 0 0
  c ry 2
   d 0 0 3 0 0 
   d 60 0 3 0 0
  c rz 2
   d 0 0 3 0 0 
   d 60 0 3 0 0
  c sx 2
   d 0 1 3 0 0 
   d 60 1 3 0 0
  c sy 2
   d 0 1 3 0 0 
   d 60 1 3 0 0
  c sz 2
   d 0 1 3 0 0 
   d 60 1 3 0 0
 n R_oyayubi 9
  c tx 2
   d 0 -0.003742 3 0 0 
   d 60 -0.003742 3 0 0
  c ty 2
   d 0 -0.00772 3 0 0 
   d 60 -0.00772 3 0 0
  c tz 2
   d 0 0.031351 3 0 0 
   d 60 0.031351 3 0 0
  c rx 2
   d 0 0 3 0 0 
   d 60 0 3 0 0
  c ry 2
   d 0 0 3 0 0 
   d 60 0 3 0 0
  c rz 2
   d 0 0 3 0 0 
   d 60 0 3 0 0
  c sx 2
   d 0 1 3 0 0 
   d 60 1 3 0 0
  c sy 2
   d 0 1 3 0 0 
   d 60 1 3 0 0
  c sz 2
   d 0 1 3 0 0 
   d 60 1 3 0 0
 n R_oyayubi2 9
  c tx 2
   d 0 -0.017046 3 0 0 
   d 60 -0.017046 3 0 0
  c ty 2
   d 0 0.00926 3 0 0 
   d 60 0.00926 3 0 0
  c tz 2
   d 0 0.012073 3 0 0 
   d 60 0.012073 3 0 0
  c rx 2
   d 0 0 3 0 0 
   d 60 0 3 0 0
  c ry 2
   d 0 0 3 0 0 
   d 60 0 3 0 0
  c rz 2
   d 0 0 3 0 0 
   d 60 0 3 0 0
  c sx 2
   d 0 1 3 0 0 
   d 60 1 3 0 0
  c sy 2
   d 0 1 3 0 0 
   d 60 1 3 0 0
  c sz 2
   d 0 1 3 0 0 
   d 60 1 3 0 0
 n R_oyayubi3 9
  c tx 2
   d 0 -0.021648 3 0 0 
   d 60 -0.021648 3 0 0
  c ty 2
   d 0 0 3 0 0 
   d 60 0 3 0 0
  c tz 2
   d 0 0 3 0 0 
   d 60 0 3 0 0
  c rx 2
   d 0 0 3 0 0 
   d 60 0 3 0 0
  c ry 2
   d 0 0 3 0 0 
   d 60 0 3 0 0
  c rz 2
   d 0 0 3 0 0 
   d 60 0 3 0 0
  c sx 2
   d 0 1 3 0 0 
   d 60 1 3 0 0
  c sy 2
   d 0 1 3 0 0 
   d 60 1 3 0 0
  c sz 2
   d 0 1 3 0 0 
   d 60 1 3 0 0
 n R_buki 9
  c tx 2
   d 0 -0.000013 3 0 0 
   d 60 -0.000013 3 0 0
  c ty 2
   d 0 -0.0618 3 0 0 
   d 60 -0.0618 3 0 0
  c tz 2
   d 0 0.000059 3 0 0 
   d 60 0.000059 3 0 0
  c rx 2
   d 0 0 3 0 0 
   d 60 0 3 0 0
  c ry 2
   d 0 0 3 0 0 
   d 60 0 3 0 0
  c rz 2
   d 0 0 3 0 0 
   d 60 0 3 0 0
  c sx 2
   d 0 1 3 0 0 
   d 60 1 3 0 0
  c sy 2
   d 0 1 3 0 0 
   d 60 1 3 0 0
  c sz 2
   d 0 1 3 0 0 
   d 60 1 3 0 0
 n R_momo 9
  c tx 2
   d 0 -0.069899 3 0 0 
   d 60 -0.069899 3 0 0
  c ty 2
   d 0 -0.068772 3 0 0 
   d 60 -0.068772 3 0 0
  c tz 2
   d 0 -0.005262 3 0 0 
   d 60 -0.005262 3 0 0
  c rx 2
   d 0 0 3 0 0 
   d 60 0 3 0 0
  c ry 2
   d 0 0 3 0 0 
   d 60 0 3 0 0
  c rz 2
   d 0 0 3 0 0 
   d 60 0 3 0 0
  c sx 2
   d 0 1 3 0 0 
   d 60 1 3 0 0
  c sy 2
   d 0 1 3 0 0 
   d 60 1 3 0 0
  c sz 2
   d 0 1 3 0 0 
   d 60 1 3 0 0
 n R_hiza 9
  c tx 3
   d 0 0.020271 3 0 0 
   d 1 0.020271 3 0 0 
   d 60 0.020271 3 0 0
  c ty 3
   d 0 -0.331292 3 0 0 
   d 1 -0.331292 3 0 0 
   d 60 -0.331292 3 0 0
  c tz 3
   d 0 0.00697 3 0 0 
   d 1 0.00697 3 0 0 
   d 60 0.00697 3 0 0
  c rx 4
   d 0 0 3 0 0 
   d 1 0 3 0 0 
   d 20 1.692969 3 0 0 
   d 60 1.692969 3 0 0
  c ry 3
   d 0 0 3 0 0 
   d 1 0 3 0 0 
   d 60 0 3 0 0
  c rz 3
   d 0 0 3 0 0 
   d 1 0 3 0 0 
   d 60 0 3 0 0
  c sx 3
   d 0 1 3 0 0 
   d 1 1 3 0 0 
   d 60 1 3 0 0
  c sy 3
   d 0 1 3 0 0 
   d 1 1 3 0 0 
   d 60 1 3 0 0
  c sz 3
   d 0 1 3 0 0 
   d 1 1 3 0 0 
   d 60 1 3 0 0
 n R_asikubi 9
  c tx 2
   d 0 -0.019132 3 0 0 
   d 60 -0.019132 3 0 0
  c ty 2
   d 0 -0.464835 3 0 0 
   d 60 -0.464835 3 0 0
  c tz 2
   d 0 -0.045616 3 0 0 
   d 60 -0.045616 3 0 0
  c rx 2
   d 0 0 3 0 0 
   d 60 0 3 0 0
  c ry 2
   d 0 0 3 0 0 
   d 60 0 3 0 0
  c rz 2
   d 0 0 3 0 0 
   d 60 0 3 0 0
  c sx 2
   d 0 1 3 0 0 
   d 60 1 3 0 0
  c sy 2
   d 0 1 3 0 0 
   d 60 1 3 0 0
  c sz 2
   d 0 1 3 0 0 
   d 60 1 3 0 0
 n R_asi 9
  c tx 2
   d 0 0.00056 3 0 0 
   d 60 0.00056 3 0 0
  c ty 2
   d 0 -0.029182 3 0 0 
   d 60 -0.029182 3 0 0
  c tz 2
   d 0 0.043 3 0 0 
   d 60 0.043 3 0 0
  c rx 2
   d 0 0 3 0 0 
   d 60 0 3 0 0
  c ry 2
   d 0 0 3 0 0 
   d 60 0 3 0 0
  c rz 2
   d 0 0 3 0 0 
   d 60 0 3 0 0
  c sx 2
   d 0 1 3 0 0 
   d 60 1 3 0 0
  c sy 2
   d 0 1 3 0 0 
   d 60 1 3 0 0
  c sz 2
   d 0 1 3 0 0 
   d 60 1 3 0 0
 n R_asisaki 9
  c tx 2
   d 0 0 3 0 0 
   d 60 0 3 0 0
  c ty 2
   d 0 -0.00368 3 0 0 
   d 60 -0.00368 3 0 0
  c tz 2
   d 0 0.071898 3 0 0 
   d 60 0.071898 3 0 0
  c rx 2
   d 0 0 3 0 0 
   d 60 0 3 0 0
  c ry 2
   d 0 0 3 0 0 
   d 60 0 3 0 0
  c rz 2
   d 0 0 3 0 0 
   d 60 0 3 0 0
  c sx 2
   d 0 1 3 0 0 
   d 60 1 3 0 0
  c sy 2
   d 0 1 3 0 0 
   d 60 1 3 0 0
  c sz 2
   d 0 1 3 0 0 
   d 60 1 3 0 0
 n ponite1 0
 n kami2 0
 n suka_to3 0
 n pCube8 0
 n pCube21 0
 n kutuR2 0
 n pCube23 0
 n kutuR3 0
 n polySurface6 0
 n pCube32 0
 n pCube36 0
 n pCube4 0
 n pCube37 0
}
