a Noa_hasiru 74
{
 n RootNode 0
 n bottom 0
 n LO 9
  c tx 7
   d 0 0 3 0 0 
   d 5 0 3 0 0 
   d 9 0 3 0 0 
   d 13 0 3 0 0 
   d 17 0 3 0 0 
   d 21 0 3 0 0 
   d 25 0 3 0 0 
  c ty 7
   d 0 -0.073736 3 0 0 
   d 5 -0.05146 3 0 0 
   d 9 -0.093685 3 0 0 
   d 13 -0.074498 3 0.01222 0.01222 
   d 17 -0.069487 3 0 0 
   d 21 -0.116739 3 0 0 
   d 25 -0.077482 3 0 0 
  c tz 7
   d 0 0 3 0 0 
   d 5 0 3 0 0 
   d 9 0 3 0 0 
   d 13 0 3 0 0 
   d 17 0 3 0 0 
   d 21 0 3 0 0 
   d 25 0 3 0 0 
  c rx 7
   d 0 0 3 0 0 
   d 5 0 3 0 0 
   d 9 0 3 0 0 
   d 13 0 3 0 0 
   d 17 0 3 0 0 
   d 21 0 3 0 0 
   d 25 0 3 0 0 
  c ry 7
   d 0 0 3 0 0 
   d 5 0 3 0 0 
   d 9 0 3 0 0 
   d 13 0 3 0 0 
   d 17 0 3 0 0 
   d 21 0 3 0 0 
   d 25 0 3 0 0 
  c rz 7
   d 0 0 3 0 0 
   d 5 0 3 0 0 
   d 9 0 3 0 0 
   d 13 0 3 0 0 
   d 17 0 3 0 0 
   d 21 0 3 0 0 
   d 25 0 3 0 0 
  c sx 7
   d 0 1 3 0 0 
   d 5 1 3 0 0 
   d 9 1 3 0 0 
   d 13 1 3 0 0 
   d 17 1 3 0 0 
   d 21 1 3 0 0 
   d 25 1 3 0 0 
  c sy 7
   d 0 1 3 0 0 
   d 5 1 3 0 0 
   d 9 1 3 0 0 
   d 13 1 3 0 0 
   d 17 1 3 0 0 
   d 21 1 3 0 0 
   d 25 1 3 0 0 
  c sz 7
   d 0 1 3 0 0 
   d 5 1 3 0 0 
   d 9 1 3 0 0 
   d 13 1 3 0 0 
   d 17 1 3 0 0 
   d 21 1 3 0 0 
   d 25 1 3 0 0 
 n tinnko 9
  c tx 6
   d 0 0 3 0 0
   d 9 0 3 0 0 
   d 13 0 3 0 0 
   d 17 0 3 0 0 
   d 21 0 3 0 0 
   d 25 0 3 0 0 
  c ty 6
   d 0 0.929654 3 0 0
   d 9 0.929654 3 0 0 
   d 13 0.929654 3 0 0 
   d 17 0.929654 3 0 0 
   d 21 0.929654 3 0 0 
   d 25 0.929654 3 0 0 
  c tz 6
   d 0 0.043908 3 0 0
   d 9 0.043908 3 0 0 
   d 13 0.043908 3 0 0 
   d 17 0.043908 3 0 0 
   d 21 0.043908 3 0 0 
   d 25 0.043908 3 0 0 
  c rx 6
   d 0 0 3 0 0
   d 9 0 3 0 0 
   d 13 0 3 0 0 
   d 17 0 3 0 0 
   d 21 0 3 0 0 
   d 25 0 3 0 0 
  c ry 6
   d 0 0 3 0 0
   d 9 0 3 0 0 
   d 13 0 3 0 0 
   d 17 0 3 0 0 
   d 21 0 3 0 0 
   d 25 0 3 0 0 
  c rz 6
   d 0 0 3 0 0
   d 9 0 3 0 0 
   d 13 0 3 0 0 
   d 17 0 3 0 0 
   d 21 0 3 0 0 
   d 25 0 3 0 0 
  c sx 6
   d 0 1 3 0 0
   d 9 1 3 0 0 
   d 13 1 3 0 0 
   d 17 1 3 0 0 
   d 21 1 3 0 0 
   d 25 1 3 0 0 
  c sy 6
   d 0 1 3 0 0
   d 9 1 3 0 0 
   d 13 1 3 0 0 
   d 17 1 3 0 0 
   d 21 1 3 0 0 
   d 25 1 3 0 0 
  c sz 6
   d 0 1 3 0 0
   d 9 1 3 0 0 
   d 13 1 3 0 0 
   d 17 1 3 0 0 
   d 21 1 3 0 0 
   d 25 1 3 0 0 
 n tinnko2 9
  c tx 6
   d 0 0 3 0 0
   d 9 0 3 0 0 
   d 13 0 3 0 0 
   d 17 0 3 0 0 
   d 21 0 3 0 0 
   d 25 0 3 0 0 
  c ty 6
   d 0 0 3 0 0
   d 9 0 3 0 0 
   d 13 0 3 0 0 
   d 17 0 3 0 0 
   d 21 0 3 0 0 
   d 25 0 3 0 0 
  c tz 6
   d 0 0 3 0 0
   d 9 0 3 0 0 
   d 13 0 3 0 0 
   d 17 0 3 0 0 
   d 21 0 3 0 0 
   d 25 0 3 0 0 
  c rx 6
   d 0 0 3 0 0
   d 9 0 3 0 0 
   d 13 0 3 0 0 
   d 17 0 3 0 0 
   d 21 0 3 0 0 
   d 25 0 3 0 0 
  c ry 6
   d 0 0 3 0 0
   d 9 0 3 0 0 
   d 13 0 3 0 0 
   d 17 0 3 0 0 
   d 21 0 3 0 0 
   d 25 0 3 0 0 
  c rz 6
   d 0 0 3 0 0
   d 9 0 3 0 0 
   d 13 0 3 0 0 
   d 17 0 3 0 0 
   d 21 0 3 0 0 
   d 25 0 3 0 0 
  c sx 6
   d 0 1 3 0 0
   d 9 1 3 0 0 
   d 13 1 3 0 0 
   d 17 1 3 0 0 
   d 21 1 3 0 0 
   d 25 1 3 0 0 
  c sy 6
   d 0 1 3 0 0
   d 9 1 3 0 0 
   d 13 1 3 0 0 
   d 17 1 3 0 0 
   d 21 1 3 0 0 
   d 25 1 3 0 0 
  c sz 6
   d 0 1 3 0 0
   d 9 1 3 0 0 
   d 13 1 3 0 0 
   d 17 1 3 0 0 
   d 21 1 3 0 0 
   d 25 1 3 0 0 
 n hidariasi 9
  c tx 7
   d 0 0.069899 3 0 0
   d 5 0.069899 3 0 0 
   d 9 0.069899 3 0 0 
   d 13 0.069899 3 0 0 
   d 17 0.069899 3 0 0 
   d 21 0.069899 3 0 0 
   d 25 0.069899 3 0 0 
  c ty 7
   d 0 -0.068772 3 0 0
   d 5 -0.068772 3 0 0 
   d 9 -0.068772 3 0 0 
   d 13 -0.068772 3 0 0 
   d 17 -0.068772 3 0 0 
   d 21 -0.068772 3 0 0 
   d 25 -0.068772 3 0 0 
  c tz 7
   d 0 -0.049887 3 0 0 
   d 5 0.014409 3 0.000671 0.000537 
   d 9 0.014586 3 0.000199 0.000199 
   d 13 0.014803 3 0 0 
   d 17 0.000385 3 -0.043687 -0.043687 
   d 21 -0.078833 3 0 0 
   d 25 -0.054652 3 0 0 
  c rx 7
   d 0 0.613891 3 0 0 
   d 5 -0.042579 3 -1.06891 -0.855128 
   d 9 -1.291096 3 0 0 
   d 13 -0.578842 3 0.4416 0.4416 
   d 17 -0.416641 3 0.491471 0.491471 
   d 21 0.486621 3 0.385432 0.385432 
   d 25 0.613826 3 0 0 
  c ry 7
   d 0 0 3 0 0
   d 5 0 3 0 0 
   d 9 0 3 0 0 
   d 13 0 3 0 0 
   d 17 0 3 0 0 
   d 21 0 3 0 0 
   d 25 0 3 0 0 
  c rz 7
   d 0 0 3 0 0
   d 5 0 3 0 0 
   d 9 0 3 0 0 
   d 13 0 3 0 0 
   d 17 0 3 0 0 
   d 21 0 3 0 0 
   d 25 0 3 0 0 
  c sx 7
   d 0 1 3 0 0
   d 5 1 3 0 0 
   d 9 1 3 0 0 
   d 13 1 3 0 0 
   d 17 1 3 0 0 
   d 21 1 3 0 0 
   d 25 1 3 0 0 
  c sy 7
   d 0 1 3 0 0
   d 5 1 3 0 0 
   d 9 1 3 0 0 
   d 13 1 3 0 0 
   d 17 1 3 0 0 
   d 21 1 3 0 0 
   d 25 1 3 0 0 
  c sz 7
   d 0 1 3 0 0
   d 5 1 3 0 0 
   d 9 1 3 0 0 
   d 13 1 3 0 0 
   d 17 1 3 0 0 
   d 21 1 3 0 0 
   d 25 1 3 0 0 
 n Lhiza 9
  c tx 7
   d 0 -0.020271 3 0 0 
   d 5 -0.020271 3 0 0 
   d 9 -0.020271 3 0 0 
   d 13 -0.020271 3 0 0 
   d 17 -0.020271 3 0 0 
   d 21 -0.020271 3 0 0 
   d 25 -0.020271 3 0 0 
  c ty 7
   d 0 -0.331292 3 0 0 
   d 5 -0.331292 3 0 0 
   d 9 -0.331292 3 0 0 
   d 13 -0.331292 3 0 0 
   d 17 -0.331292 3 0 0 
   d 21 -0.331292 3 0 0 
   d 25 -0.331292 3 0 0 
  c tz 7
   d 0 0.00697 3 0 0 
   d 5 0.00697 3 0 0 
   d 9 0.00697 3 0 0 
   d 13 0.00697 3 0 0 
   d 17 0.00697 3 0 0 
   d 21 0.00697 3 0 0 
   d 25 0.00697 3 0 0 
  c rx 7
   d 0 1.576043 3 0 0 
   d 5 2.004033 3 0 0 
   d 9 1.215718 3 -0.997781 -0.997781 
   d 13 0.028232 3 0 0 
   d 17 0.591746 3 0 0 
   d 21 0.03647 3 0 0 
   d 25 1.458729 3 0 0 
  c ry 7
   d 0 0 3 0 0 
   d 5 0 3 0 0 
   d 9 0 3 0 0 
   d 13 0 3 0 0 
   d 17 0 3 0 0 
   d 21 0 3 0 0 
   d 25 0 3 0 0 
  c rz 7
   d 0 0 3 0 0 
   d 5 0 3 0 0 
   d 9 0 3 0 0 
   d 13 0 3 0 0 
   d 17 0 3 0 0 
   d 21 0 3 0 0 
   d 25 0 3 0 0 
  c sx 7
   d 0 1 3 0 0 
   d 5 1 3 0 0 
   d 9 1 3 0 0 
   d 13 1 3 0 0 
   d 17 1 3 0 0 
   d 21 1 3 0 0 
   d 25 1 3 0 0 
  c sy 7
   d 0 1 3 0 0 
   d 5 1 3 0 0 
   d 9 1 3 0 0 
   d 13 1 3 0 0 
   d 17 1 3 0 0 
   d 21 1 3 0 0 
   d 25 1 3 0 0 
  c sz 7
   d 0 1 3 0 0 
   d 5 1 3 0 0 
   d 9 1 3 0 0 
   d 13 1 3 0 0 
   d 17 1 3 0 0 
   d 21 1 3 0 0 
   d 25 1 3 0 0 
 n L_kakato 9
  c tx 7
   d 0 0.019132 3 0 0 
   d 5 0.019132 3 0 0 
   d 9 0.019132 3 0 0 
   d 13 0.019132 3 0 0 
   d 17 0.019132 3 0 0 
   d 21 0.019132 3 0 0 
   d 25 0.019132 3 0 0 
  c ty 7
   d 0 -0.455573 3 0 0 
   d 5 -0.458071 3 -0.002235 -0.001788 
   d 9 -0.459556 3 -0.000092 -0.000092 
   d 13 -0.459586 3 0 0 
   d 17 -0.456725 3 0.001508 0.001508 
   d 21 -0.456228 3 0.000578 0.000578 
   d 25 -0.455581 3 0 0 
  c tz 7
   d 0 -0.045923 3 0 0 
   d 5 -0.047017 3 -0.002722 -0.002178 
   d 9 -0.050774 3 -0.011383 -0.011383 
   d 13 -0.072196 3 0 0 
   d 17 -0.047305 3 0.014944 0.014944 
   d 21 -0.042373 3 0 0 
   d 25 -0.045647 3 0 0 
  c rx 7
   d 0 0.01747 3 0 0 
   d 5 -0.043443 3 -0.053459 -0.042767 
   d 9 -0.077802 3 0 0 
   d 13 0.327562 3 0 0 
   d 17 -0.193923 3 -0.312592 -0.312592 
   d 21 -0.297089 3 0 0 
   d 25 0.011791 3 0 0 
  c ry 7
   d 0 0 3 0 0 
   d 5 0 3 0 0 
   d 9 0 3 0 0 
   d 13 0 3 0 0 
   d 17 0 3 0 0 
   d 21 0 3 0 0 
   d 25 0 3 0 0 
  c rz 7
   d 0 0 3 0 0 
   d 5 0 3 0 0 
   d 9 0 3 0 0 
   d 13 0 3 0 0 
   d 17 0 3 0 0 
   d 21 0 3 0 0 
   d 25 0 3 0 0 
  c sx 7
   d 0 1 3 0 0 
   d 5 1 3 0 0 
   d 9 1 3 0 0 
   d 13 1 3 0 0 
   d 17 1 3 0 0 
   d 21 1 3 0 0 
   d 25 1 3 0 0 
  c sy 7
   d 0 1 3 0 0 
   d 5 1 3 0 0 
   d 9 1 3 0 0 
   d 13 1 3 0 0 
   d 17 1 3 0 0 
   d 21 1 3 0 0 
   d 25 1 3 0 0 
  c sz 7
   d 0 1 3 0 0 
   d 5 1 3 0 0 
   d 9 1 3 0 0 
   d 13 1 3 0 0 
   d 17 1 3 0 0 
   d 21 1 3 0 0 
   d 25 1 3 0 0 
 n L_asi 9
  c tx 7
   d 0 -0.000419 3 0 0
   d 5 -0.000419 3 0 0 
   d 9 -0.000365 3 0.000074 0.000074 
   d 13 -0.000273 3 0.000096 0.000096 
   d 17 -0.000175 3 0.000262 0.000262 
   d 21 0.000245 3 0.000286 0.000286 
   d 25 0.000392 3 0 0 
  c ty 7
   d 0 -0.027871 3 0 0
   d 5 -0.027871 3 0 0 
   d 9 -0.028803 3 -0.002824 -0.002824 
   d 13 -0.038692 3 0 0 
   d 17 -0.02686 3 0 0 
   d 21 -0.028048 3 -0.00018 -0.00018 
   d 25 -0.028107 3 0 0 
  c tz 7
   d 0 0.04274 3 0 0
   d 5 0.04274 3 0 0 
   d 9 0.04348 3 0.002241 0.002241 
   d 13 0.051485 3 0 0 
   d 17 0.047488 3 -0.004589 -0.004589 
   d 21 0.042398 3 -0.000414 -0.000414 
   d 25 0.042261 3 0 0 
  c rx 7
   d 0 -0.271736 3 0 0 
   d 5 -0.444119 3 0 0 
   d 9 0.008764 3 0.301626 0.301626 
   d 13 0.15316 3 0 0 
   d 17 0.034891 3 -0.180999 -0.180999 
   d 21 -0.205255 3 0 0 
   d 25 -0.136272 3 0 0 
  c ry 7
   d 0 0 3 0 0
   d 5 0 3 0 0 
   d 9 0 3 0 0 
   d 13 0 3 0 0 
   d 17 0 3 0 0 
   d 21 0 3 0 0 
   d 25 0 3 0 0 
  c rz 7
   d 0 0 3 0 0
   d 5 0 3 0 0 
   d 9 0 3 0 0 
   d 13 0 3 0 0 
   d 17 0 3 0 0 
   d 21 0 3 0 0 
   d 25 0 3 0 0 
  c sx 7
   d 0 1 3 0 0
   d 5 1 3 0 0 
   d 9 1 3 0 0 
   d 13 1 3 0 0 
   d 17 1 3 0 0 
   d 21 1 3 0 0 
   d 25 1 3 0 0 
  c sy 7
   d 0 1 3 0 0
   d 5 1 3 0 0 
   d 9 1 3 0 0 
   d 13 1 3 0 0 
   d 17 1 3 0 0 
   d 21 1 3 0 0 
   d 25 1 3 0 0 
  c sz 7
   d 0 1 3 0 0
   d 5 1 3 0 0 
   d 9 1 3 0 0 
   d 13 1 3 0 0 
   d 17 1 3 0 0 
   d 21 1 3 0 0 
   d 25 1 3 0 0 
 n L_tumasaki 9
  c tx 6
   d 0 0 3 0 0
   d 9 0 3 0 0 
   d 13 0 3 0 0 
   d 17 0 3 0 0 
   d 21 0 3 0 0 
   d 25 0 3 0 0 
  c ty 6
   d 0 -0.00368 3 0 0
   d 9 -0.00368 3 0 0 
   d 13 -0.00368 3 0 0 
   d 17 -0.00368 3 0 0 
   d 21 -0.00368 3 0 0 
   d 25 -0.00368 3 0 0 
  c tz 6
   d 0 0.071897 3 0 0
   d 9 0.071897 3 0 0 
   d 13 0.071897 3 0 0 
   d 17 0.071897 3 0 0 
   d 21 0.071897 3 0 0 
   d 25 0.071897 3 0 0 
  c rx 6
   d 0 0 3 0 0
   d 9 0 3 0 0 
   d 13 0 3 0 0 
   d 17 0 3 0 0 
   d 21 0 3 0 0 
   d 25 0 3 0 0 
  c ry 6
   d 0 0 3 0 0
   d 9 0 3 0 0 
   d 13 0 3 0 0 
   d 17 0 3 0 0 
   d 21 0 3 0 0 
   d 25 0 3 0 0 
  c rz 6
   d 0 0 3 0 0
   d 9 0 3 0 0 
   d 13 0 3 0 0 
   d 17 0 3 0 0 
   d 21 0 3 0 0 
   d 25 0 3 0 0 
  c sx 6
   d 0 1 3 0 0
   d 9 1 3 0 0 
   d 13 1 3 0 0 
   d 17 1 3 0 0 
   d 21 1 3 0 0 
   d 25 1 3 0 0 
  c sy 6
   d 0 1 3 0 0
   d 9 1 3 0 0 
   d 13 1 3 0 0 
   d 17 1 3 0 0 
   d 21 1 3 0 0 
   d 25 1 3 0 0 
  c sz 6
   d 0 1 3 0 0
   d 9 1 3 0 0 
   d 13 1 3 0 0 
   d 17 1 3 0 0 
   d 21 1 3 0 0 
   d 25 1 3 0 0 
 n kosi 9
  c tx 6
   d 0 0.000108 3 0 0
   d 9 0.000108 3 0 0 
   d 13 0.000108 3 0 0 
   d 17 0.000108 3 0 0 
   d 21 0.000108 3 0 0 
   d 25 0.000108 3 0 0 
  c ty 6
   d 0 0.174818 3 0 0
   d 9 0.174818 3 0 0 
   d 13 0.174818 3 0 0 
   d 17 0.174818 3 0 0 
   d 21 0.174818 3 0 0 
   d 25 0.174818 3 0 0 
  c tz 7
   d 0 0.083054 3 0 0 
   d 5 0.066037 3 0 0 
   d 9 0.06749 3 0.004405 0.004405 
   d 13 0.080976 3 0.011275 0.011275 
   d 17 0.089818 3 0 0 
   d 21 0.089818 3 0 0 
   d 25 0.083054 3 0 0 
  c rx 7
   d 0 0.581501 3 0 0 
   d 5 0.556741 3 0 0 
   d 9 0.563463 3 0.020367 0.020367 
   d 13 0.625821 3 0.052138 0.052138 
   d 17 0.666705 3 0 0 
   d 21 0.28219 3 0 0 
   d 25 0.581501 3 0 0 
  c ry 6
   d 0 0 3 0 0
   d 9 0 3 0 0 
   d 13 0 3 0 0 
   d 17 0 3 0 0 
   d 21 0 3 0 0 
   d 25 0 3 0 0 
  c rz 6
   d 0 0 3 0 0
   d 9 0 3 0 0 
   d 13 0 3 0 0 
   d 17 0 3 0 0 
   d 21 0 3 0 0 
   d 25 0 3 0 0 
  c sx 6
   d 0 1 3 0 0
   d 9 1 3 0 0 
   d 13 1 3 0 0 
   d 17 1 3 0 0 
   d 21 1 3 0 0 
   d 25 1 3 0 0 
  c sy 6
   d 0 1 3 0 0
   d 9 1 3 0 0 
   d 13 1 3 0 0 
   d 17 1 3 0 0 
   d 21 1 3 0 0 
   d 25 1 3 0 0 
  c sz 6
   d 0 1 3 0 0
   d 9 1 3 0 0 
   d 13 1 3 0 0 
   d 17 1 3 0 0 
   d 21 1 3 0 0 
   d 25 1 3 0 0 
 n mune 9
  c tx 6
   d 0 -0.000108 3 0 0
   d 9 -0.000108 3 0 0 
   d 13 -0.000108 3 0 0 
   d 17 -0.000108 3 0 0 
   d 21 -0.000108 3 0 0 
   d 25 -0.000108 3 0 0 
  c ty 6
   d 0 0.201202 3 0 0
   d 9 0.201202 3 0 0 
   d 13 0.201202 3 0 0 
   d 17 0.201202 3 0 0 
   d 21 0.201202 3 0 0 
   d 25 0.201202 3 0 0 
  c tz 6
   d 0 -0.055398 3 0 0
   d 9 -0.055398 3 0 0 
   d 13 -0.055398 3 0 0 
   d 17 -0.055398 3 0 0 
   d 21 -0.055398 3 0 0 
   d 25 -0.055398 3 0 0 
  c rx 7
   d 0 -0.010825 3 0 0 
   d 5 -0.009732 3 0 0 
   d 9 -0.257119 3 0 0 
   d 13 -0.029978 3 0.060831 0.060831 
   d 17 -0.009902 3 0 0 
   d 21 -0.010012 3 -0.000333 -0.000333 
   d 25 -0.010825 3 0 0 
  c ry 7
   d 0 -0.454089 3 0 0 
   d 5 -0.02933 3 0.384491 0.307593 
   d 9 0.231143 3 0.104168 0.104168 
   d 13 0.265522 3 0 0 
   d 17 -0.10422 3 -0.249155 -0.249155 
   d 21 -0.227854 3 -0.168514 -0.168514 
   d 25 -0.437911 3 0 0 
  c rz 7
   d 0 0.004748 3 0 0 
   d 5 0.000285 3 -0.013523 -0.010818 
   d 9 -0.030183 3 0 0 
   d 13 -0.004913 3 0.015759 0.015759 
   d 17 0.001024 3 0.003623 0.003623 
   d 21 0.002261 3 0.001796 0.001796 
   d 25 0.004579 3 0 0 
  c sx 6
   d 0 1 3 0 0
   d 9 1 3 0 0 
   d 13 1 3 0 0 
   d 17 1 3 0 0 
   d 21 1 3 0 0 
   d 25 1 3 0 0 
  c sy 6
   d 0 1 3 0 0
   d 9 1 3 0 0 
   d 13 1 3 0 0 
   d 17 1 3 0 0 
   d 21 1 3 0 0 
   d 25 1 3 0 0 
  c sz 6
   d 0 1 3 0 0
   d 9 1 3 0 0 
   d 13 1 3 0 0 
   d 17 1 3 0 0 
   d 21 1 3 0 0 
   d 25 1 3 0 0 
 n atama 9
  c tx 6
   d 0 0 3 0 0 
   d 9 0 3 0 0 
   d 13 0 3 0 0 
   d 17 0 3 0 0 
   d 21 0 3 0 0 
   d 25 0 3 0 0 
  c ty 6
   d 0 0.091035 3 0 0 
   d 9 0.091035 3 0 0 
   d 13 0.091035 3 0 0 
   d 17 0.091035 3 0 0 
   d 21 0.091035 3 0 0 
   d 25 0.091035 3 0 0 
  c tz 6
   d 0 -0.004004 3 0 0 
   d 9 -0.004004 3 0 0 
   d 13 -0.004004 3 0 0 
   d 17 -0.004004 3 0 0 
   d 21 -0.004004 3 0 0 
   d 25 -0.004004 3 0 0 
  c rx 7
   d 0 -0.561432 3 0 0 
   d 5 -0.442139 3 0.160046 0.128037 
   d 9 -0.276201 3 0 0 
   d 13 -0.451032 3 -0.206658 -0.206658 
   d 17 -0.685425 3 0 0 
   d 21 -0.229585 3 0 0 
   d 25 -0.561432 3 0 0 
  c ry 7
   d 0 0.455096 3 0 0 
   d 5 0.005467 3 -0.352261 -0.281808 
   d 9 -0.172695 3 -0.113863 -0.113863 
   d 13 -0.220004 3 0 0 
   d 17 0.120344 3 0.22203 0.22203 
   d 21 0.21966 3 0.16905 0.16905 
   d 25 0.455096 3 0 0 
  c rz 7
   d 0 0.026359 3 0 0 
   d 5 0.00016 3 -0.040662 -0.03253 
   d 9 -0.046108 3 0 0 
   d 13 -0.013984 3 0.023158 0.023158 
   d 17 -0.00025 3 0 0 
   d 21 -0.023209 3 0 0 
   d 25 0.026359 3 0 0 
  c sx 6
   d 0 1 3 0 0 
   d 9 1 3 0 0 
   d 13 1 3 0 0 
   d 17 1 3 0 0 
   d 21 1 3 0 0 
   d 25 1 3 0 0 
  c sy 6
   d 0 1 3 0 0 
   d 9 1 3 0 0 
   d 13 1 3 0 0 
   d 17 1 3 0 0 
   d 21 1 3 0 0 
   d 25 1 3 0 0 
  c sz 6
   d 0 1 3 0 0 
   d 9 1 3 0 0 
   d 13 1 3 0 0 
   d 17 1 3 0 0 
   d 21 1 3 0 0 
   d 25 1 3 0 0 
 n teppenn 9
  c tx 6
   d 0 0 3 0 0
   d 9 0 3 0 0 
   d 13 0 3 0 0 
   d 17 0 3 0 0 
   d 21 0 3 0 0 
   d 25 0 3 0 0 
  c ty 6
   d 0 0.129941 3 0 0
   d 9 0.129941 3 0 0 
   d 13 0.129941 3 0 0 
   d 17 0.129941 3 0 0 
   d 21 0.129941 3 0 0 
   d 25 0.129941 3 0 0 
  c tz 6
   d 0 0.000187 3 0 0
   d 9 0.000187 3 0 0 
   d 13 0.000187 3 0 0 
   d 17 0.000187 3 0 0 
   d 21 0.000187 3 0 0 
   d 25 0.000187 3 0 0 
  c rx 6
   d 0 0 3 0 0
   d 9 0 3 0 0 
   d 13 0 3 0 0 
   d 17 0 3 0 0 
   d 21 0 3 0 0 
   d 25 0 3 0 0 
  c ry 6
   d 0 0 3 0 0
   d 9 0 3 0 0 
   d 13 0 3 0 0 
   d 17 0 3 0 0 
   d 21 0 3 0 0 
   d 25 0 3 0 0 
  c rz 6
   d 0 0 3 0 0
   d 9 0 3 0 0 
   d 13 0 3 0 0 
   d 17 0 3 0 0 
   d 21 0 3 0 0 
   d 25 0 3 0 0 
  c sx 6
   d 0 1 3 0 0
   d 9 1 3 0 0 
   d 13 1 3 0 0 
   d 17 1 3 0 0 
   d 21 1 3 0 0 
   d 25 1 3 0 0 
  c sy 6
   d 0 1 3 0 0
   d 9 1 3 0 0 
   d 13 1 3 0 0 
   d 17 1 3 0 0 
   d 21 1 3 0 0 
   d 25 1 3 0 0 
  c sz 6
   d 0 1 3 0 0
   d 9 1 3 0 0 
   d 13 1 3 0 0 
   d 17 1 3 0 0 
   d 21 1 3 0 0 
   d 25 1 3 0 0 
 n L_kata 9
  c tx 6
   d 0 0.094 3 0 0 
   d 9 0.094 3 0 0 
   d 13 0.094 3 0 0 
   d 17 0.094 3 0 0 
   d 21 0.094 3 0 0 
   d 25 0.094 3 0 0 
  c ty 6
   d 0 -0.008314 3 0 0 
   d 9 -0.008314 3 0 0 
   d 13 -0.008314 3 0 0 
   d 17 -0.008314 3 0 0 
   d 21 -0.008314 3 0 0 
   d 25 -0.008314 3 0 0 
  c tz 6
   d 0 0.004858 3 0 0 
   d 9 0.004858 3 0 0 
   d 13 0.004858 3 0 0 
   d 17 0.004858 3 0 0 
   d 21 0.004858 3 0 0 
   d 25 0.004858 3 0 0 
  c rx 7
   d 0 -1.264219 3 0 0 
   d 5 -0.594889 3 0.896166 0.716933 
   d 9 0.332907 3 0.276765 0.276765 
   d 13 0.424249 3 0 0 
   d 17 0.054409 3 -0.630449 -0.630449 
   d 21 -0.824163 3 -0.665907 -0.665907 
   d 25 -1.264219 3 0 0 
  c ry 7
   d 0 -0.865105 3 0 0 
   d 5 -0.246894 3 1.040699 0.832559 
   d 9 0.989604 3 0.487032 0.487032 
   d 13 1.150341 3 0 0 
   d 17 0.560499 3 -1.204088 -1.204088 
   d 21 -1.23399 3 0 0 
   d 25 -0.865105 3 0 0 
  c rz 7
   d 0 -0.200145 3 0 0 
   d 5 -1.106651 3 0 0 
   d 9 -0.994478 3 0.166513 0.166513 
   d 13 -0.776923 3 0 0 
   d 17 -1.053959 3 0 0 
   d 21 -0.438123 3 0.431177 0.431177 
   d 25 -0.200145 3 0 0 
  c sx 6
   d 0 1 3 0 0 
   d 9 1 3 0 0 
   d 13 1 3 0 0 
   d 17 1 3 0 0 
   d 21 1 3 0 0 
   d 25 1 3 0 0 
  c sy 6
   d 0 1 3 0 0 
   d 9 1 3 0 0 
   d 13 1 3 0 0 
   d 17 1 3 0 0 
   d 21 1 3 0 0 
   d 25 1 3 0 0 
  c sz 6
   d 0 1 3 0 0 
   d 9 1 3 0 0 
   d 13 1 3 0 0 
   d 17 1 3 0 0 
   d 21 1 3 0 0 
   d 25 1 3 0 0 
 n L_hizi 9
  c tx 6
   d 0 0.26051 3 0 0 
   d 9 0.26051 3 0 0 
   d 13 0.26051 3 0 0 
   d 17 0.26051 3 0 0 
   d 21 0.26051 3 0 0 
   d 25 0.26051 3 0 0 
  c ty 6
   d 0 0.002615 3 0 0 
   d 9 0.002615 3 0 0 
   d 13 0.002615 3 0 0 
   d 17 0.002615 3 0 0 
   d 21 0.002615 3 0 0 
   d 25 0.002615 3 0 0 
  c tz 6
   d 0 -0.004624 3 0 0 
   d 9 -0.004624 3 0 0 
   d 13 -0.004624 3 0 0 
   d 17 -0.004624 3 0 0 
   d 21 -0.004624 3 0 0 
   d 25 -0.004624 3 0 0 
  c rx 7
   d 0 0.384139 3 0 0 
   d 5 0.940191 3 0 0 
   d 9 0.384139 3 0 0 
   d 13 0.384139 3 0 0 
   d 17 0.384139 3 0 0 
   d 21 0.384139 3 0 0 
   d 25 0.384139 3 0 0 
  c ry 7
   d 0 -1.136105 3 0 0 
   d 5 -0.847083 3 0 0 
   d 9 -1.136105 3 0 0 
   d 13 -1.136105 3 0 0 
   d 17 -1.136105 3 0 0 
   d 21 -1.136105 3 0 0 
   d 25 -1.136105 3 0 0 
  c rz 7
   d 0 -0.315124 3 0 0 
   d 5 -0.966093 3 0 0 
   d 9 -0.315124 3 0 0 
   d 13 -0.315124 3 0 0 
   d 17 -0.315124 3 0 0 
   d 21 -0.315124 3 0 0 
   d 25 -0.315124 3 0 0 
  c sx 6
   d 0 1 3 0 0 
   d 9 1 3 0 0 
   d 13 1 3 0 0 
   d 17 1 3 0 0 
   d 21 1 3 0 0 
   d 25 1 3 0 0 
  c sy 6
   d 0 1 3 0 0 
   d 9 1 3 0 0 
   d 13 1 3 0 0 
   d 17 1 3 0 0 
   d 21 1 3 0 0 
   d 25 1 3 0 0 
  c sz 6
   d 0 1 3 0 0 
   d 9 1 3 0 0 
   d 13 1 3 0 0 
   d 17 1 3 0 0 
   d 21 1 3 0 0 
   d 25 1 3 0 0 
 n L_tekubi 9
  c tx 6
   d 0 0.155347 3 0 0
   d 9 0.155347 3 0 0 
   d 13 0.155347 3 0 0 
   d 17 0.155347 3 0 0 
   d 21 0.155347 3 0 0 
   d 25 0.155347 3 0 0 
  c ty 6
   d 0 0.002773 3 0 0
   d 9 0.002773 3 0 0 
   d 13 0.002773 3 0 0 
   d 17 0.002773 3 0 0 
   d 21 0.002773 3 0 0 
   d 25 0.002773 3 0 0 
  c tz 6
   d 0 0.000757 3 0 0
   d 9 0.000757 3 0 0 
   d 13 0.000757 3 0 0 
   d 17 0.000757 3 0 0 
   d 21 0.000757 3 0 0 
   d 25 0.000757 3 0 0 
  c rx 6
   d 0 0 3 0 0
   d 9 0 3 0 0 
   d 13 0 3 0 0 
   d 17 0 3 0 0 
   d 21 0 3 0 0 
   d 25 0 3 0 0 
  c ry 6
   d 0 0 3 0 0
   d 9 0 3 0 0 
   d 13 0 3 0 0 
   d 17 0 3 0 0 
   d 21 0 3 0 0 
   d 25 0 3 0 0 
  c rz 6
   d 0 0 3 0 0
   d 9 0 3 0 0 
   d 13 0 3 0 0 
   d 17 0 3 0 0 
   d 21 0 3 0 0 
   d 25 0 3 0 0 
  c sx 6
   d 0 1 3 0 0
   d 9 1 3 0 0 
   d 13 1 3 0 0 
   d 17 1 3 0 0 
   d 21 1 3 0 0 
   d 25 1 3 0 0 
  c sy 6
   d 0 1 3 0 0
   d 9 1 3 0 0 
   d 13 1 3 0 0 
   d 17 1 3 0 0 
   d 21 1 3 0 0 
   d 25 1 3 0 0 
  c sz 6
   d 0 1 3 0 0
   d 9 1 3 0 0 
   d 13 1 3 0 0 
   d 17 1 3 0 0 
   d 21 1 3 0 0 
   d 25 1 3 0 0 
 n L_tenohira 9
  c tx 6
   d 0 0.038505 3 0 0 
   d 9 0.028089 3 0 0 
   d 13 0.028089 3 0 0 
   d 17 0.028089 3 0 0 
   d 21 0.028089 3 0 0 
   d 25 0.028089 3 0 0 
  c ty 6
   d 0 0.00485 3 0 0 
   d 9 0.005271 3 0 0 
   d 13 0.005271 3 0 0 
   d 17 0.005271 3 0 0 
   d 21 0.005271 3 0 0 
   d 25 0.005271 3 0 0 
  c tz 6
   d 0 0.000723 3 0 0 
   d 9 -0.002415 3 0 0 
   d 13 -0.002415 3 0 0 
   d 17 -0.002415 3 0 0 
   d 21 -0.002415 3 0 0 
   d 25 -0.002415 3 0 0 
  c rx 6
   d 0 0 3 0 0
   d 9 0 3 0 0 
   d 13 0 3 0 0 
   d 17 0 3 0 0 
   d 21 0 3 0 0 
   d 25 0 3 0 0 
  c ry 6
   d 0 0 3 0 0
   d 9 0 3 0 0 
   d 13 0 3 0 0 
   d 17 0 3 0 0 
   d 21 0 3 0 0 
   d 25 0 3 0 0 
  c rz 6
   d 0 0 3 0 0
   d 9 0 3 0 0 
   d 13 0 3 0 0 
   d 17 0 3 0 0 
   d 21 0 3 0 0 
   d 25 0 3 0 0 
  c sx 6
   d 0 1 3 0 0
   d 9 1 3 0 0 
   d 13 1 3 0 0 
   d 17 1 3 0 0 
   d 21 1 3 0 0 
   d 25 1 3 0 0 
  c sy 6
   d 0 1 3 0 0
   d 9 1 3 0 0 
   d 13 1 3 0 0 
   d 17 1 3 0 0 
   d 21 1 3 0 0 
   d 25 1 3 0 0 
  c sz 6
   d 0 1 3 0 0
   d 9 1 3 0 0 
   d 13 1 3 0 0 
   d 17 1 3 0 0 
   d 21 1 3 0 0 
   d 25 1 3 0 0 
 n L_koyubi 9
  c tx 6
   d 0 0.02865 3 0 0
   d 9 0.02865 3 0 0 
   d 13 0.02865 3 0 0 
   d 17 0.02865 3 0 0 
   d 21 0.02865 3 0 0 
   d 25 0.02865 3 0 0 
  c ty 6
   d 0 0.002957 3 0 0
   d 9 0.002957 3 0 0 
   d 13 0.002957 3 0 0 
   d 17 0.002957 3 0 0 
   d 21 0.002957 3 0 0 
   d 25 0.002957 3 0 0 
  c tz 6
   d 0 -0.024325 3 0 0
   d 9 -0.024325 3 0 0 
   d 13 -0.024325 3 0 0 
   d 17 -0.024325 3 0 0 
   d 21 -0.024325 3 0 0 
   d 25 -0.024325 3 0 0 
  c rx 6
   d 0 0 3 0 0
   d 9 0 3 0 0 
   d 13 0 3 0 0 
   d 17 0 3 0 0 
   d 21 0 3 0 0 
   d 25 0 3 0 0 
  c ry 6
   d 0 0 3 0 0
   d 9 0 3 0 0 
   d 13 0 3 0 0 
   d 17 0 3 0 0 
   d 21 0 3 0 0 
   d 25 0 3 0 0 
  c rz 6
   d 0 0 3 0 0
   d 9 0 3 0 0 
   d 13 0 3 0 0 
   d 17 0 3 0 0 
   d 21 0 3 0 0 
   d 25 0 3 0 0 
  c sx 6
   d 0 1 3 0 0
   d 9 1 3 0 0 
   d 13 1 3 0 0 
   d 17 1 3 0 0 
   d 21 1 3 0 0 
   d 25 1 3 0 0 
  c sy 6
   d 0 1 3 0 0
   d 9 1 3 0 0 
   d 13 1 3 0 0 
   d 17 1 3 0 0 
   d 21 1 3 0 0 
   d 25 1 3 0 0 
  c sz 6
   d 0 1 3 0 0
   d 9 1 3 0 0 
   d 13 1 3 0 0 
   d 17 1 3 0 0 
   d 21 1 3 0 0 
   d 25 1 3 0 0 
 n L_koyubi2 9
  c tx 6
   d 0 0.02628 3 0 0
   d 9 0.02628 3 0 0 
   d 13 0.02628 3 0 0 
   d 17 0.02628 3 0 0 
   d 21 0.02628 3 0 0 
   d 25 0.02628 3 0 0 
  c ty 6
   d 0 0.001885 3 0 0
   d 9 0.001885 3 0 0 
   d 13 0.001885 3 0 0 
   d 17 0.001885 3 0 0 
   d 21 0.001885 3 0 0 
   d 25 0.001885 3 0 0 
  c tz 6
   d 0 -0.000622 3 0 0
   d 9 -0.000622 3 0 0 
   d 13 -0.000622 3 0 0 
   d 17 -0.000622 3 0 0 
   d 21 -0.000622 3 0 0 
   d 25 -0.000622 3 0 0 
  c rx 6
   d 0 0 3 0 0
   d 9 0 3 0 0 
   d 13 0 3 0 0 
   d 17 0 3 0 0 
   d 21 0 3 0 0 
   d 25 0 3 0 0 
  c ry 6
   d 0 0 3 0 0
   d 9 0 3 0 0 
   d 13 0 3 0 0 
   d 17 0 3 0 0 
   d 21 0 3 0 0 
   d 25 0 3 0 0 
  c rz 6
   d 0 0 3 0 0
   d 9 0 3 0 0 
   d 13 0 3 0 0 
   d 17 0 3 0 0 
   d 21 0 3 0 0 
   d 25 0 3 0 0 
  c sx 6
   d 0 1 3 0 0
   d 9 1 3 0 0 
   d 13 1 3 0 0 
   d 17 1 3 0 0 
   d 21 1 3 0 0 
   d 25 1 3 0 0 
  c sy 6
   d 0 1 3 0 0
   d 9 1 3 0 0 
   d 13 1 3 0 0 
   d 17 1 3 0 0 
   d 21 1 3 0 0 
   d 25 1 3 0 0 
  c sz 6
   d 0 1 3 0 0
   d 9 1 3 0 0 
   d 13 1 3 0 0 
   d 17 1 3 0 0 
   d 21 1 3 0 0 
   d 25 1 3 0 0 
 n L_koyubi_3 9
  c tx 6
   d 0 0.018754 3 0 0
   d 9 0.018754 3 0 0 
   d 13 0.018754 3 0 0 
   d 17 0.018754 3 0 0 
   d 21 0.018754 3 0 0 
   d 25 0.018754 3 0 0 
  c ty 6
   d 0 0 3 0 0
   d 9 0 3 0 0 
   d 13 0 3 0 0 
   d 17 0 3 0 0 
   d 21 0 3 0 0 
   d 25 0 3 0 0 
  c tz 6
   d 0 0 3 0 0
   d 9 0 3 0 0 
   d 13 0 3 0 0 
   d 17 0 3 0 0 
   d 21 0 3 0 0 
   d 25 0 3 0 0 
  c rx 6
   d 0 0 3 0 0
   d 9 0 3 0 0 
   d 13 0 3 0 0 
   d 17 0 3 0 0 
   d 21 0 3 0 0 
   d 25 0 3 0 0 
  c ry 6
   d 0 0 3 0 0
   d 9 0 3 0 0 
   d 13 0 3 0 0 
   d 17 0 3 0 0 
   d 21 0 3 0 0 
   d 25 0 3 0 0 
  c rz 6
   d 0 0 3 0 0
   d 9 0 3 0 0 
   d 13 0 3 0 0 
   d 17 0 3 0 0 
   d 21 0 3 0 0 
   d 25 0 3 0 0 
  c sx 6
   d 0 1 3 0 0
   d 9 1 3 0 0 
   d 13 1 3 0 0 
   d 17 1 3 0 0 
   d 21 1 3 0 0 
   d 25 1 3 0 0 
  c sy 6
   d 0 1 3 0 0
   d 9 1 3 0 0 
   d 13 1 3 0 0 
   d 17 1 3 0 0 
   d 21 1 3 0 0 
   d 25 1 3 0 0 
  c sz 6
   d 0 1 3 0 0
   d 9 1 3 0 0 
   d 13 1 3 0 0 
   d 17 1 3 0 0 
   d 21 1 3 0 0 
   d 25 1 3 0 0 
 n L_kusuriyubi 9
  c tx 6
   d 0 0.02865 3 0 0
   d 9 0.02865 3 0 0 
   d 13 0.02865 3 0 0 
   d 17 0.02865 3 0 0 
   d 21 0.02865 3 0 0 
   d 25 0.02865 3 0 0 
  c ty 6
   d 0 0.002957 3 0 0
   d 9 0.002957 3 0 0 
   d 13 0.002957 3 0 0 
   d 17 0.002957 3 0 0 
   d 21 0.002957 3 0 0 
   d 25 0.002957 3 0 0 
  c tz 6
   d 0 -0.007529 3 0 0
   d 9 -0.007529 3 0 0 
   d 13 -0.007529 3 0 0 
   d 17 -0.007529 3 0 0 
   d 21 -0.007529 3 0 0 
   d 25 -0.007529 3 0 0 
  c rx 6
   d 0 0 3 0 0
   d 9 0 3 0 0 
   d 13 0 3 0 0 
   d 17 0 3 0 0 
   d 21 0 3 0 0 
   d 25 0 3 0 0 
  c ry 6
   d 0 0 3 0 0
   d 9 0 3 0 0 
   d 13 0 3 0 0 
   d 17 0 3 0 0 
   d 21 0 3 0 0 
   d 25 0 3 0 0 
  c rz 6
   d 0 0 3 0 0
   d 9 0 3 0 0 
   d 13 0 3 0 0 
   d 17 0 3 0 0 
   d 21 0 3 0 0 
   d 25 0 3 0 0 
  c sx 6
   d 0 1 3 0 0
   d 9 1 3 0 0 
   d 13 1 3 0 0 
   d 17 1 3 0 0 
   d 21 1 3 0 0 
   d 25 1 3 0 0 
  c sy 6
   d 0 1 3 0 0
   d 9 1 3 0 0 
   d 13 1 3 0 0 
   d 17 1 3 0 0 
   d 21 1 3 0 0 
   d 25 1 3 0 0 
  c sz 6
   d 0 1 3 0 0
   d 9 1 3 0 0 
   d 13 1 3 0 0 
   d 17 1 3 0 0 
   d 21 1 3 0 0 
   d 25 1 3 0 0 
 n L__kusuriyubi 9
  c tx 6
   d 0 0.036218 3 0 0
   d 9 0.036218 3 0 0 
   d 13 0.036218 3 0 0 
   d 17 0.036218 3 0 0 
   d 21 0.036218 3 0 0 
   d 25 0.036218 3 0 0 
  c ty 6
   d 0 0.001885 3 0 0
   d 9 0.001885 3 0 0 
   d 13 0.001885 3 0 0 
   d 17 0.001885 3 0 0 
   d 21 0.001885 3 0 0 
   d 25 0.001885 3 0 0 
  c tz 6
   d 0 0.000534 3 0 0
   d 9 0.000534 3 0 0 
   d 13 0.000534 3 0 0 
   d 17 0.000534 3 0 0 
   d 21 0.000534 3 0 0 
   d 25 0.000534 3 0 0 
  c rx 6
   d 0 0 3 0 0
   d 9 0 3 0 0 
   d 13 0 3 0 0 
   d 17 0 3 0 0 
   d 21 0 3 0 0 
   d 25 0 3 0 0 
  c ry 6
   d 0 0 3 0 0
   d 9 0 3 0 0 
   d 13 0 3 0 0 
   d 17 0 3 0 0 
   d 21 0 3 0 0 
   d 25 0 3 0 0 
  c rz 6
   d 0 0 3 0 0
   d 9 0 3 0 0 
   d 13 0 3 0 0 
   d 17 0 3 0 0 
   d 21 0 3 0 0 
   d 25 0 3 0 0 
  c sx 6
   d 0 1 3 0 0
   d 9 1 3 0 0 
   d 13 1 3 0 0 
   d 17 1 3 0 0 
   d 21 1 3 0 0 
   d 25 1 3 0 0 
  c sy 6
   d 0 1 3 0 0
   d 9 1 3 0 0 
   d 13 1 3 0 0 
   d 17 1 3 0 0 
   d 21 1 3 0 0 
   d 25 1 3 0 0 
  c sz 6
   d 0 1 3 0 0
   d 9 1 3 0 0 
   d 13 1 3 0 0 
   d 17 1 3 0 0 
   d 21 1 3 0 0 
   d 25 1 3 0 0 
 n Lyubisaki 9
  c tx 6
   d 0 0.018113 3 0 0
   d 9 0.018113 3 0 0 
   d 13 0.018113 3 0 0 
   d 17 0.018113 3 0 0 
   d 21 0.018113 3 0 0 
   d 25 0.018113 3 0 0 
  c ty 6
   d 0 0 3 0 0
   d 9 0 3 0 0 
   d 13 0 3 0 0 
   d 17 0 3 0 0 
   d 21 0 3 0 0 
   d 25 0 3 0 0 
  c tz 6
   d 0 0 3 0 0
   d 9 0 3 0 0 
   d 13 0 3 0 0 
   d 17 0 3 0 0 
   d 21 0 3 0 0 
   d 25 0 3 0 0 
  c rx 6
   d 0 0 3 0 0
   d 9 0 3 0 0 
   d 13 0 3 0 0 
   d 17 0 3 0 0 
   d 21 0 3 0 0 
   d 25 0 3 0 0 
  c ry 6
   d 0 0 3 0 0
   d 9 0 3 0 0 
   d 13 0 3 0 0 
   d 17 0 3 0 0 
   d 21 0 3 0 0 
   d 25 0 3 0 0 
  c rz 6
   d 0 0 3 0 0
   d 9 0 3 0 0 
   d 13 0 3 0 0 
   d 17 0 3 0 0 
   d 21 0 3 0 0 
   d 25 0 3 0 0 
  c sx 6
   d 0 1 3 0 0
   d 9 1 3 0 0 
   d 13 1 3 0 0 
   d 17 1 3 0 0 
   d 21 1 3 0 0 
   d 25 1 3 0 0 
  c sy 6
   d 0 1 3 0 0
   d 9 1 3 0 0 
   d 13 1 3 0 0 
   d 17 1 3 0 0 
   d 21 1 3 0 0 
   d 25 1 3 0 0 
  c sz 6
   d 0 1 3 0 0
   d 9 1 3 0 0 
   d 13 1 3 0 0 
   d 17 1 3 0 0 
   d 21 1 3 0 0 
   d 25 1 3 0 0 
 n Lnakayubi 9
  c tx 6
   d 0 0.02865 3 0 0
   d 9 0.02865 3 0 0 
   d 13 0.02865 3 0 0 
   d 17 0.02865 3 0 0 
   d 21 0.02865 3 0 0 
   d 25 0.02865 3 0 0 
  c ty 6
   d 0 0.002957 3 0 0
   d 9 0.002957 3 0 0 
   d 13 0.002957 3 0 0 
   d 17 0.002957 3 0 0 
   d 21 0.002957 3 0 0 
   d 25 0.002957 3 0 0 
  c tz 6
   d 0 0.008334 3 0 0
   d 9 0.008334 3 0 0 
   d 13 0.008334 3 0 0 
   d 17 0.008334 3 0 0 
   d 21 0.008334 3 0 0 
   d 25 0.008334 3 0 0 
  c rx 6
   d 0 0 3 0 0
   d 9 0 3 0 0 
   d 13 0 3 0 0 
   d 17 0 3 0 0 
   d 21 0 3 0 0 
   d 25 0 3 0 0 
  c ry 6
   d 0 0 3 0 0
   d 9 0 3 0 0 
   d 13 0 3 0 0 
   d 17 0 3 0 0 
   d 21 0 3 0 0 
   d 25 0 3 0 0 
  c rz 6
   d 0 0 3 0 0
   d 9 0 3 0 0 
   d 13 0 3 0 0 
   d 17 0 3 0 0 
   d 21 0 3 0 0 
   d 25 0 3 0 0 
  c sx 6
   d 0 1 3 0 0
   d 9 1 3 0 0 
   d 13 1 3 0 0 
   d 17 1 3 0 0 
   d 21 1 3 0 0 
   d 25 1 3 0 0 
  c sy 6
   d 0 1 3 0 0
   d 9 1 3 0 0 
   d 13 1 3 0 0 
   d 17 1 3 0 0 
   d 21 1 3 0 0 
   d 25 1 3 0 0 
  c sz 6
   d 0 1 3 0 0
   d 9 1 3 0 0 
   d 13 1 3 0 0 
   d 17 1 3 0 0 
   d 21 1 3 0 0 
   d 25 1 3 0 0 
 n L_nakayubi2 9
  c tx 6
   d 0 0.041027 3 0 0
   d 9 0.041027 3 0 0 
   d 13 0.041027 3 0 0 
   d 17 0.041027 3 0 0 
   d 21 0.041027 3 0 0 
   d 25 0.041027 3 0 0 
  c ty 6
   d 0 0.001885 3 0 0
   d 9 0.001885 3 0 0 
   d 13 0.001885 3 0 0 
   d 17 0.001885 3 0 0 
   d 21 0.001885 3 0 0 
   d 25 0.001885 3 0 0 
  c tz 6
   d 0 0.000219 3 0 0
   d 9 0.000219 3 0 0 
   d 13 0.000219 3 0 0 
   d 17 0.000219 3 0 0 
   d 21 0.000219 3 0 0 
   d 25 0.000219 3 0 0 
  c rx 6
   d 0 0 3 0 0
   d 9 0 3 0 0 
   d 13 0 3 0 0 
   d 17 0 3 0 0 
   d 21 0 3 0 0 
   d 25 0 3 0 0 
  c ry 6
   d 0 0 3 0 0
   d 9 0 3 0 0 
   d 13 0 3 0 0 
   d 17 0 3 0 0 
   d 21 0 3 0 0 
   d 25 0 3 0 0 
  c rz 6
   d 0 0 3 0 0
   d 9 0 3 0 0 
   d 13 0 3 0 0 
   d 17 0 3 0 0 
   d 21 0 3 0 0 
   d 25 0 3 0 0 
  c sx 6
   d 0 1 3 0 0
   d 9 1 3 0 0 
   d 13 1 3 0 0 
   d 17 1 3 0 0 
   d 21 1 3 0 0 
   d 25 1 3 0 0 
  c sy 6
   d 0 1 3 0 0
   d 9 1 3 0 0 
   d 13 1 3 0 0 
   d 17 1 3 0 0 
   d 21 1 3 0 0 
   d 25 1 3 0 0 
  c sz 6
   d 0 1 3 0 0
   d 9 1 3 0 0 
   d 13 1 3 0 0 
   d 17 1 3 0 0 
   d 21 1 3 0 0 
   d 25 1 3 0 0 
 n Lnakayubi 9
  c tx 6
   d 0 0.021319 3 0 0
   d 9 0.021319 3 0 0 
   d 13 0.021319 3 0 0 
   d 17 0.021319 3 0 0 
   d 21 0.021319 3 0 0 
   d 25 0.021319 3 0 0 
  c ty 6
   d 0 0 3 0 0
   d 9 0 3 0 0 
   d 13 0 3 0 0 
   d 17 0 3 0 0 
   d 21 0 3 0 0 
   d 25 0 3 0 0 
  c tz 6
   d 0 0 3 0 0
   d 9 0 3 0 0 
   d 13 0 3 0 0 
   d 17 0 3 0 0 
   d 21 0 3 0 0 
   d 25 0 3 0 0 
  c rx 6
   d 0 0 3 0 0
   d 9 0 3 0 0 
   d 13 0 3 0 0 
   d 17 0 3 0 0 
   d 21 0 3 0 0 
   d 25 0 3 0 0 
  c ry 6
   d 0 0 3 0 0
   d 9 0 3 0 0 
   d 13 0 3 0 0 
   d 17 0 3 0 0 
   d 21 0 3 0 0 
   d 25 0 3 0 0 
  c rz 6
   d 0 0 3 0 0
   d 9 0 3 0 0 
   d 13 0 3 0 0 
   d 17 0 3 0 0 
   d 21 0 3 0 0 
   d 25 0 3 0 0 
  c sx 6
   d 0 1 3 0 0
   d 9 1 3 0 0 
   d 13 1 3 0 0 
   d 17 1 3 0 0 
   d 21 1 3 0 0 
   d 25 1 3 0 0 
  c sy 6
   d 0 1 3 0 0
   d 9 1 3 0 0 
   d 13 1 3 0 0 
   d 17 1 3 0 0 
   d 21 1 3 0 0 
   d 25 1 3 0 0 
  c sz 6
   d 0 1 3 0 0
   d 9 1 3 0 0 
   d 13 1 3 0 0 
   d 17 1 3 0 0 
   d 21 1 3 0 0 
   d 25 1 3 0 0 
 n L_hitosasiyubi 9
  c tx 6
   d 0 0.02865 3 0 0
   d 9 0.02865 3 0 0 
   d 13 0.02865 3 0 0 
   d 17 0.02865 3 0 0 
   d 21 0.02865 3 0 0 
   d 25 0.02865 3 0 0 
  c ty 6
   d 0 0.002957 3 0 0
   d 9 0.002957 3 0 0 
   d 13 0.002957 3 0 0 
   d 17 0.002957 3 0 0 
   d 21 0.002957 3 0 0 
   d 25 0.002957 3 0 0 
  c tz 6
   d 0 0.023886 3 0 0
   d 9 0.023886 3 0 0 
   d 13 0.023886 3 0 0 
   d 17 0.023886 3 0 0 
   d 21 0.023886 3 0 0 
   d 25 0.023886 3 0 0 
  c rx 6
   d 0 0 3 0 0
   d 9 0 3 0 0 
   d 13 0 3 0 0 
   d 17 0 3 0 0 
   d 21 0 3 0 0 
   d 25 0 3 0 0 
  c ry 6
   d 0 0 3 0 0
   d 9 0 3 0 0 
   d 13 0 3 0 0 
   d 17 0 3 0 0 
   d 21 0 3 0 0 
   d 25 0 3 0 0 
  c rz 6
   d 0 0 3 0 0
   d 9 0 3 0 0 
   d 13 0 3 0 0 
   d 17 0 3 0 0 
   d 21 0 3 0 0 
   d 25 0 3 0 0 
  c sx 6
   d 0 1 3 0 0
   d 9 1 3 0 0 
   d 13 1 3 0 0 
   d 17 1 3 0 0 
   d 21 1 3 0 0 
   d 25 1 3 0 0 
  c sy 6
   d 0 1 3 0 0
   d 9 1 3 0 0 
   d 13 1 3 0 0 
   d 17 1 3 0 0 
   d 21 1 3 0 0 
   d 25 1 3 0 0 
  c sz 6
   d 0 1 3 0 0
   d 9 1 3 0 0 
   d 13 1 3 0 0 
   d 17 1 3 0 0 
   d 21 1 3 0 0 
   d 25 1 3 0 0 
 n L_hitosasiyubi 9
  c tx 6
   d 0 0.036218 3 0 0
   d 9 0.036218 3 0 0 
   d 13 0.036218 3 0 0 
   d 17 0.036218 3 0 0 
   d 21 0.036218 3 0 0 
   d 25 0.036218 3 0 0 
  c ty 6
   d 0 0.001885 3 0 0
   d 9 0.001885 3 0 0 
   d 13 0.001885 3 0 0 
   d 17 0.001885 3 0 0 
   d 21 0.001885 3 0 0 
   d 25 0.001885 3 0 0 
  c tz 6
   d 0 -0.000265 3 0 0
   d 9 -0.000265 3 0 0 
   d 13 -0.000265 3 0 0 
   d 17 -0.000265 3 0 0 
   d 21 -0.000265 3 0 0 
   d 25 -0.000265 3 0 0 
  c rx 6
   d 0 0 3 0 0
   d 9 0 3 0 0 
   d 13 0 3 0 0 
   d 17 0 3 0 0 
   d 21 0 3 0 0 
   d 25 0 3 0 0 
  c ry 6
   d 0 0 3 0 0
   d 9 0 3 0 0 
   d 13 0 3 0 0 
   d 17 0 3 0 0 
   d 21 0 3 0 0 
   d 25 0 3 0 0 
  c rz 6
   d 0 0 3 0 0
   d 9 0 3 0 0 
   d 13 0 3 0 0 
   d 17 0 3 0 0 
   d 21 0 3 0 0 
   d 25 0 3 0 0 
  c sx 6
   d 0 1 3 0 0
   d 9 1 3 0 0 
   d 13 1 3 0 0 
   d 17 1 3 0 0 
   d 21 1 3 0 0 
   d 25 1 3 0 0 
  c sy 6
   d 0 1 3 0 0
   d 9 1 3 0 0 
   d 13 1 3 0 0 
   d 17 1 3 0 0 
   d 21 1 3 0 0 
   d 25 1 3 0 0 
  c sz 6
   d 0 1 3 0 0
   d 9 1 3 0 0 
   d 13 1 3 0 0 
   d 17 1 3 0 0 
   d 21 1 3 0 0 
   d 25 1 3 0 0 
 n L_hitosasiyubi 9
  c tx 6
   d 0 0.019235 3 0 0
   d 9 0.019235 3 0 0 
   d 13 0.019235 3 0 0 
   d 17 0.019235 3 0 0 
   d 21 0.019235 3 0 0 
   d 25 0.019235 3 0 0 
  c ty 6
   d 0 0 3 0 0
   d 9 0 3 0 0 
   d 13 0 3 0 0 
   d 17 0 3 0 0 
   d 21 0 3 0 0 
   d 25 0 3 0 0 
  c tz 6
   d 0 0 3 0 0
   d 9 0 3 0 0 
   d 13 0 3 0 0 
   d 17 0 3 0 0 
   d 21 0 3 0 0 
   d 25 0 3 0 0 
  c rx 6
   d 0 0 3 0 0
   d 9 0 3 0 0 
   d 13 0 3 0 0 
   d 17 0 3 0 0 
   d 21 0 3 0 0 
   d 25 0 3 0 0 
  c ry 6
   d 0 0 3 0 0
   d 9 0 3 0 0 
   d 13 0 3 0 0 
   d 17 0 3 0 0 
   d 21 0 3 0 0 
   d 25 0 3 0 0 
  c rz 6
   d 0 0 3 0 0
   d 9 0 3 0 0 
   d 13 0 3 0 0 
   d 17 0 3 0 0 
   d 21 0 3 0 0 
   d 25 0 3 0 0 
  c sx 6
   d 0 1 3 0 0
   d 9 1 3 0 0 
   d 13 1 3 0 0 
   d 17 1 3 0 0 
   d 21 1 3 0 0 
   d 25 1 3 0 0 
  c sy 6
   d 0 1 3 0 0
   d 9 1 3 0 0 
   d 13 1 3 0 0 
   d 17 1 3 0 0 
   d 21 1 3 0 0 
   d 25 1 3 0 0 
  c sz 6
   d 0 1 3 0 0
   d 9 1 3 0 0 
   d 13 1 3 0 0 
   d 17 1 3 0 0 
   d 21 1 3 0 0 
   d 25 1 3 0 0 
 n L_oyayubi 9
  c tx 6
   d 0 0.003742 3 0 0
   d 9 0.003742 3 0 0 
   d 13 0.003742 3 0 0 
   d 17 0.003742 3 0 0 
   d 21 0.003742 3 0 0 
   d 25 0.003742 3 0 0 
  c ty 6
   d 0 -0.007722 3 0 0
   d 9 -0.007722 3 0 0 
   d 13 -0.007722 3 0 0 
   d 17 -0.007722 3 0 0 
   d 21 -0.007722 3 0 0 
   d 25 -0.007722 3 0 0 
  c tz 6
   d 0 0.031351 3 0 0
   d 9 0.031351 3 0 0 
   d 13 0.031351 3 0 0 
   d 17 0.031351 3 0 0 
   d 21 0.031351 3 0 0 
   d 25 0.031351 3 0 0 
  c rx 6
   d 0 0 3 0 0
   d 9 0 3 0 0 
   d 13 0 3 0 0 
   d 17 0 3 0 0 
   d 21 0 3 0 0 
   d 25 0 3 0 0 
  c ry 6
   d 0 0 3 0 0
   d 9 0 3 0 0 
   d 13 0 3 0 0 
   d 17 0 3 0 0 
   d 21 0 3 0 0 
   d 25 0 3 0 0 
  c rz 6
   d 0 0 3 0 0
   d 9 0 3 0 0 
   d 13 0 3 0 0 
   d 17 0 3 0 0 
   d 21 0 3 0 0 
   d 25 0 3 0 0 
  c sx 6
   d 0 1 3 0 0
   d 9 1 3 0 0 
   d 13 1 3 0 0 
   d 17 1 3 0 0 
   d 21 1 3 0 0 
   d 25 1 3 0 0 
  c sy 6
   d 0 1 3 0 0
   d 9 1 3 0 0 
   d 13 1 3 0 0 
   d 17 1 3 0 0 
   d 21 1 3 0 0 
   d 25 1 3 0 0 
  c sz 6
   d 0 1 3 0 0
   d 9 1 3 0 0 
   d 13 1 3 0 0 
   d 17 1 3 0 0 
   d 21 1 3 0 0 
   d 25 1 3 0 0 
 n L_oayubi2 9
  c tx 6
   d 0 0.017046 3 0 0
   d 9 0.017046 3 0 0 
   d 13 0.017046 3 0 0 
   d 17 0.017046 3 0 0 
   d 21 0.017046 3 0 0 
   d 25 0.017046 3 0 0 
  c ty 6
   d 0 0.009267 3 0 0
   d 9 0.009267 3 0 0 
   d 13 0.009267 3 0 0 
   d 17 0.009267 3 0 0 
   d 21 0.009267 3 0 0 
   d 25 0.009267 3 0 0 
  c tz 6
   d 0 0.012073 3 0 0
   d 9 0.012073 3 0 0 
   d 13 0.012073 3 0 0 
   d 17 0.012073 3 0 0 
   d 21 0.012073 3 0 0 
   d 25 0.012073 3 0 0 
  c rx 6
   d 0 0 3 0 0
   d 9 0 3 0 0 
   d 13 0 3 0 0 
   d 17 0 3 0 0 
   d 21 0 3 0 0 
   d 25 0 3 0 0 
  c ry 6
   d 0 0 3 0 0
   d 9 0 3 0 0 
   d 13 0 3 0 0 
   d 17 0 3 0 0 
   d 21 0 3 0 0 
   d 25 0 3 0 0 
  c rz 6
   d 0 0 3 0 0
   d 9 0 3 0 0 
   d 13 0 3 0 0 
   d 17 0 3 0 0 
   d 21 0 3 0 0 
   d 25 0 3 0 0 
  c sx 6
   d 0 1 3 0 0
   d 9 1 3 0 0 
   d 13 1 3 0 0 
   d 17 1 3 0 0 
   d 21 1 3 0 0 
   d 25 1 3 0 0 
  c sy 6
   d 0 1 3 0 0
   d 9 1 3 0 0 
   d 13 1 3 0 0 
   d 17 1 3 0 0 
   d 21 1 3 0 0 
   d 25 1 3 0 0 
  c sz 6
   d 0 1 3 0 0
   d 9 1 3 0 0 
   d 13 1 3 0 0 
   d 17 1 3 0 0 
   d 21 1 3 0 0 
   d 25 1 3 0 0 
 n L_oyayubi3 9
  c tx 6
   d 0 0.021648 3 0 0
   d 9 0.021648 3 0 0 
   d 13 0.021648 3 0 0 
   d 17 0.021648 3 0 0 
   d 21 0.021648 3 0 0 
   d 25 0.021648 3 0 0 
  c ty 6
   d 0 0 3 0 0
   d 9 0 3 0 0 
   d 13 0 3 0 0 
   d 17 0 3 0 0 
   d 21 0 3 0 0 
   d 25 0 3 0 0 
  c tz 6
   d 0 0 3 0 0
   d 9 0 3 0 0 
   d 13 0 3 0 0 
   d 17 0 3 0 0 
   d 21 0 3 0 0 
   d 25 0 3 0 0 
  c rx 6
   d 0 0 3 0 0
   d 9 0 3 0 0 
   d 13 0 3 0 0 
   d 17 0 3 0 0 
   d 21 0 3 0 0 
   d 25 0 3 0 0 
  c ry 6
   d 0 0 3 0 0
   d 9 0 3 0 0 
   d 13 0 3 0 0 
   d 17 0 3 0 0 
   d 21 0 3 0 0 
   d 25 0 3 0 0 
  c rz 6
   d 0 0 3 0 0
   d 9 0 3 0 0 
   d 13 0 3 0 0 
   d 17 0 3 0 0 
   d 21 0 3 0 0 
   d 25 0 3 0 0 
  c sx 6
   d 0 1 3 0 0
   d 9 1 3 0 0 
   d 13 1 3 0 0 
   d 17 1 3 0 0 
   d 21 1 3 0 0 
   d 25 1 3 0 0 
  c sy 6
   d 0 1 3 0 0
   d 9 1 3 0 0 
   d 13 1 3 0 0 
   d 17 1 3 0 0 
   d 21 1 3 0 0 
   d 25 1 3 0 0 
  c sz 6
   d 0 1 3 0 0
   d 9 1 3 0 0 
   d 13 1 3 0 0 
   d 17 1 3 0 0 
   d 21 1 3 0 0 
   d 25 1 3 0 0 
 n L_buki 3
  c tx 2
   d 0 0.011481 3 0 0 
   d 25 0.011481 3 0 0
  c ty 2
   d 0 -0.007375 3 0 0 
   d 25 -0.007375 3 0 0
  c tz 2
   d 0 0.002119 3 0 0 
   d 25 0.002119 3 0 0
 n locator1 9
  c tx 2
   d 0 0 3 0 0
   d 25 0 3 0 0 
  c ty 2
   d 0 0 3 0 0
   d 25 0 3 0 0 
  c tz 2
   d 0 0 3 0 0
   d 25 0 3 0 0 
  c rx 2
   d 0 2.216256 3 0 0
   d 25 2.216256 3 0 0 
  c ry 2
   d 0 0.673763 3 0 0
   d 25 0.673763 3 0 0 
  c rz 2
   d 0 1.793005 3 0 0
   d 25 1.793005 3 0 0 
  c sx 2
   d 0 0.131788 3 0 0
   d 25 0.131788 3 0 0 
  c sy 2
   d 0 0.131788 3 0 0
   d 25 0.131788 3 0 0 
  c sz 2
   d 0 0.131788 3 0 0
   d 25 0.131788 3 0 0 
 n R_kata 9
  c tx 6
   d 0 -0.094409 3 0 0
   d 9 -0.094409 3 0 0 
   d 13 -0.094409 3 0 0 
   d 17 -0.094409 3 0 0 
   d 21 -0.094409 3 0 0 
   d 25 -0.094409 3 0 0 
  c ty 6
   d 0 -0.008314 3 0 0
   d 9 -0.008314 3 0 0 
   d 13 -0.008314 3 0 0 
   d 17 -0.008314 3 0 0 
   d 21 -0.008314 3 0 0 
   d 25 -0.008314 3 0 0 
  c tz 6
   d 0 0.004858 3 0 0
   d 9 0.004858 3 0 0 
   d 13 0.004858 3 0 0 
   d 17 0.004858 3 0 0 
   d 21 0.004858 3 0 0 
   d 25 0.004858 3 0 0 
  c rx 7
   d 0 0.069436 3 0 0 
   d 5 -0.096486 3 -0.440456 -0.352365 
   d 9 -0.715534 3 0 0 
   d 13 -0.39413 3 0.21066 0.21066 
   d 17 -0.298385 3 0.289832 0.289832 
   d 21 0.179795 3 0.410082 0.410082 
   d 25 0.513658 3 0 0 
  c ry 7
   d 0 -0.876947 3 0 0 
   d 5 -0.299272 3 1.023433 0.818746 
   d 9 0.946992 3 0.099987 0.099987 
   d 13 0.979991 3 0 0 
   d 17 0.736499 3 -0.737781 -0.737781 
   d 21 -1.05761 3 0 0 
   d 25 -0.803062 3 0 0 
  c rz 7
   d 0 1.101376 3 0 0 
   d 5 1.162484 3 0 0 
   d 9 0.719225 3 -0.192502 -0.192502 
   d 13 0.655693 3 0 0 
   d 17 0.68415 3 0 0 
   d 21 0.661355 3 0 0 
   d 25 0.856181 3 0 0 
  c sx 6
   d 0 1 3 0 0
   d 9 1 3 0 0 
   d 13 1 3 0 0 
   d 17 1 3 0 0 
   d 21 1 3 0 0 
   d 25 1 3 0 0 
  c sy 6
   d 0 1 3 0 0
   d 9 1 3 0 0 
   d 13 1 3 0 0 
   d 17 1 3 0 0 
   d 21 1 3 0 0 
   d 25 1 3 0 0 
  c sz 6
   d 0 1 3 0 0
   d 9 1 3 0 0 
   d 13 1 3 0 0 
   d 17 1 3 0 0 
   d 21 1 3 0 0 
   d 25 1 3 0 0 
 n R_hizi 9
  c tx 6
   d 0 -0.26051 3 0 0
   d 9 -0.26051 3 0 0 
   d 13 -0.26051 3 0 0 
   d 17 -0.26051 3 0 0 
   d 21 -0.26051 3 0 0 
   d 25 -0.26051 3 0 0 
  c ty 6
   d 0 0.00262 3 0 0
   d 9 0.00262 3 0 0 
   d 13 0.00262 3 0 0 
   d 17 0.00262 3 0 0 
   d 21 0.00262 3 0 0 
   d 25 0.00262 3 0 0 
  c tz 6
   d 0 -0.004624 3 0 0
   d 9 -0.004624 3 0 0 
   d 13 -0.004624 3 0 0 
   d 17 -0.004624 3 0 0 
   d 21 -0.004624 3 0 0 
   d 25 -0.004624 3 0 0 
  c rx 7
   d 0 0 3 0 0 
   d 5 0 3 0 0 
   d 9 0 3 0 0 
   d 13 0 3 0 0 
   d 17 0 3 0 0 
   d 21 0.89294 3 0 0 
   d 25 0 3 0 0 
  c ry 7
   d 0 1.499529 3 0 0 
   d 5 1.838721 3 0 0 
   d 9 1.287058 3 0 0 
   d 13 1.651866 3 0 0 
   d 17 1.634652 3 -0.05216 -0.05216 
   d 21 1.03881 3 0 0 
   d 25 1.228802 3 0 0 
  c rz 7
   d 0 0 3 0 0 
   d 5 0 3 0 0 
   d 9 0 3 0 0 
   d 13 0 3 0 0 
   d 17 0 3 0 0 
   d 21 0.964206 3 0 0 
   d 25 0 3 0 0 
  c sx 6
   d 0 1 3 0 0
   d 9 1 3 0 0 
   d 13 1 3 0 0 
   d 17 1 3 0 0 
   d 21 1 3 0 0 
   d 25 1 3 0 0 
  c sy 6
   d 0 1 3 0 0
   d 9 1 3 0 0 
   d 13 1 3 0 0 
   d 17 1 3 0 0 
   d 21 1 3 0 0 
   d 25 1 3 0 0 
  c sz 6
   d 0 1 3 0 0
   d 9 1 3 0 0 
   d 13 1 3 0 0 
   d 17 1 3 0 0 
   d 21 1 3 0 0 
   d 25 1 3 0 0 
 n R_tekubi_ 9
  c tx 6
   d 0 -0.155347 3 0 0
   d 9 -0.155347 3 0 0 
   d 13 -0.155347 3 0 0 
   d 17 -0.155347 3 0 0 
   d 21 -0.155347 3 0 0 
   d 25 -0.155347 3 0 0 
  c ty 6
   d 0 0.00277 3 0 0
   d 9 0.00277 3 0 0 
   d 13 0.00277 3 0 0 
   d 17 0.00277 3 0 0 
   d 21 0.00277 3 0 0 
   d 25 0.00277 3 0 0 
  c tz 6
   d 0 0.000757 3 0 0
   d 9 0.000757 3 0 0 
   d 13 0.000757 3 0 0 
   d 17 0.000757 3 0 0 
   d 21 0.000757 3 0 0 
   d 25 0.000757 3 0 0 
  c rx 6
   d 0 0 3 0 0
   d 9 0 3 0 0 
   d 13 0 3 0 0 
   d 17 0 3 0 0 
   d 21 0 3 0 0 
   d 25 0 3 0 0 
  c ry 6
   d 0 0 3 0 0
   d 9 0 3 0 0 
   d 13 0 3 0 0 
   d 17 0 3 0 0 
   d 21 0 3 0 0 
   d 25 0 3 0 0 
  c rz 6
   d 0 0 3 0 0
   d 9 0 3 0 0 
   d 13 0 3 0 0 
   d 17 0 3 0 0 
   d 21 0 3 0 0 
   d 25 0 3 0 0 
  c sx 6
   d 0 1 3 0 0
   d 9 1 3 0 0 
   d 13 1 3 0 0 
   d 17 1 3 0 0 
   d 21 1 3 0 0 
   d 25 1 3 0 0 
  c sy 6
   d 0 1 3 0 0
   d 9 1 3 0 0 
   d 13 1 3 0 0 
   d 17 1 3 0 0 
   d 21 1 3 0 0 
   d 25 1 3 0 0 
  c sz 6
   d 0 1 3 0 0
   d 9 1 3 0 0 
   d 13 1 3 0 0 
   d 17 1 3 0 0 
   d 21 1 3 0 0 
   d 25 1 3 0 0 
 n R_tenohira 9
  c tx 6
   d 0 -0.028089 3 0 0
   d 9 -0.028089 3 0 0 
   d 13 -0.028089 3 0 0 
   d 17 -0.028089 3 0 0 
   d 21 -0.028089 3 0 0 
   d 25 -0.028089 3 0 0 
  c ty 6
   d 0 0.00527 3 0 0
   d 9 0.00527 3 0 0 
   d 13 0.00527 3 0 0 
   d 17 0.00527 3 0 0 
   d 21 0.00527 3 0 0 
   d 25 0.00527 3 0 0 
  c tz 6
   d 0 -0.002415 3 0 0
   d 9 -0.002415 3 0 0 
   d 13 -0.002415 3 0 0 
   d 17 -0.002415 3 0 0 
   d 21 -0.002415 3 0 0 
   d 25 -0.002415 3 0 0 
  c rx 6
   d 0 0 3 0 0
   d 9 0 3 0 0 
   d 13 0 3 0 0 
   d 17 0 3 0 0 
   d 21 0 3 0 0 
   d 25 0 3 0 0 
  c ry 6
   d 0 0 3 0 0
   d 9 0 3 0 0 
   d 13 0 3 0 0 
   d 17 0 3 0 0 
   d 21 0 3 0 0 
   d 25 0 3 0 0 
  c rz 6
   d 0 0 3 0 0
   d 9 0 3 0 0 
   d 13 0 3 0 0 
   d 17 0 3 0 0 
   d 21 0 3 0 0 
   d 25 0 3 0 0 
  c sx 6
   d 0 1 3 0 0
   d 9 1 3 0 0 
   d 13 1 3 0 0 
   d 17 1 3 0 0 
   d 21 1 3 0 0 
   d 25 1 3 0 0 
  c sy 6
   d 0 1 3 0 0
   d 9 1 3 0 0 
   d 13 1 3 0 0 
   d 17 1 3 0 0 
   d 21 1 3 0 0 
   d 25 1 3 0 0 
  c sz 6
   d 0 1 3 0 0
   d 9 1 3 0 0 
   d 13 1 3 0 0 
   d 17 1 3 0 0 
   d 21 1 3 0 0 
   d 25 1 3 0 0 
 n R_koyubi 9
  c tx 6
   d 0 -0.02865 3 0 0
   d 9 -0.02865 3 0 0 
   d 13 -0.02865 3 0 0 
   d 17 -0.02865 3 0 0 
   d 21 -0.02865 3 0 0 
   d 25 -0.02865 3 0 0 
  c ty 6
   d 0 0.00296 3 0 0
   d 9 0.00296 3 0 0 
   d 13 0.00296 3 0 0 
   d 17 0.00296 3 0 0 
   d 21 0.00296 3 0 0 
   d 25 0.00296 3 0 0 
  c tz 6
   d 0 -0.024325 3 0 0
   d 9 -0.024325 3 0 0 
   d 13 -0.024325 3 0 0 
   d 17 -0.024325 3 0 0 
   d 21 -0.024325 3 0 0 
   d 25 -0.024325 3 0 0 
  c rx 6
   d 0 0 3 0 0
   d 9 0 3 0 0 
   d 13 0 3 0 0 
   d 17 0 3 0 0 
   d 21 0 3 0 0 
   d 25 0 3 0 0 
  c ry 6
   d 0 0 3 0 0
   d 9 0 3 0 0 
   d 13 0 3 0 0 
   d 17 0 3 0 0 
   d 21 0 3 0 0 
   d 25 0 3 0 0 
  c rz 6
   d 0 0 3 0 0
   d 9 0 3 0 0 
   d 13 0 3 0 0 
   d 17 0 3 0 0 
   d 21 0 3 0 0 
   d 25 0 3 0 0 
  c sx 6
   d 0 1 3 0 0
   d 9 1 3 0 0 
   d 13 1 3 0 0 
   d 17 1 3 0 0 
   d 21 1 3 0 0 
   d 25 1 3 0 0 
  c sy 6
   d 0 1 3 0 0
   d 9 1 3 0 0 
   d 13 1 3 0 0 
   d 17 1 3 0 0 
   d 21 1 3 0 0 
   d 25 1 3 0 0 
  c sz 6
   d 0 1 3 0 0
   d 9 1 3 0 0 
   d 13 1 3 0 0 
   d 17 1 3 0 0 
   d 21 1 3 0 0 
   d 25 1 3 0 0 
 n R_koyubi2 9
  c tx 6
   d 0 -0.02628 3 0 0
   d 9 -0.02628 3 0 0 
   d 13 -0.02628 3 0 0 
   d 17 -0.02628 3 0 0 
   d 21 -0.02628 3 0 0 
   d 25 -0.02628 3 0 0 
  c ty 6
   d 0 0.00188 3 0 0
   d 9 0.00188 3 0 0 
   d 13 0.00188 3 0 0 
   d 17 0.00188 3 0 0 
   d 21 0.00188 3 0 0 
   d 25 0.00188 3 0 0 
  c tz 6
   d 0 -0.000622 3 0 0
   d 9 -0.000622 3 0 0 
   d 13 -0.000622 3 0 0 
   d 17 -0.000622 3 0 0 
   d 21 -0.000622 3 0 0 
   d 25 -0.000622 3 0 0 
  c rx 6
   d 0 0 3 0 0
   d 9 0 3 0 0 
   d 13 0 3 0 0 
   d 17 0 3 0 0 
   d 21 0 3 0 0 
   d 25 0 3 0 0 
  c ry 6
   d 0 0 3 0 0
   d 9 0 3 0 0 
   d 13 0 3 0 0 
   d 17 0 3 0 0 
   d 21 0 3 0 0 
   d 25 0 3 0 0 
  c rz 6
   d 0 0 3 0 0
   d 9 0 3 0 0 
   d 13 0 3 0 0 
   d 17 0 3 0 0 
   d 21 0 3 0 0 
   d 25 0 3 0 0 
  c sx 6
   d 0 1 3 0 0
   d 9 1 3 0 0 
   d 13 1 3 0 0 
   d 17 1 3 0 0 
   d 21 1 3 0 0 
   d 25 1 3 0 0 
  c sy 6
   d 0 1 3 0 0
   d 9 1 3 0 0 
   d 13 1 3 0 0 
   d 17 1 3 0 0 
   d 21 1 3 0 0 
   d 25 1 3 0 0 
  c sz 6
   d 0 1 3 0 0
   d 9 1 3 0 0 
   d 13 1 3 0 0 
   d 17 1 3 0 0 
   d 21 1 3 0 0 
   d 25 1 3 0 0 
 n R_koyubi 9
  c tx 6
   d 0 -0.018754 3 0 0
   d 9 -0.018754 3 0 0 
   d 13 -0.018754 3 0 0 
   d 17 -0.018754 3 0 0 
   d 21 -0.018754 3 0 0 
   d 25 -0.018754 3 0 0 
  c ty 6
   d 0 0 3 0 0
   d 9 0 3 0 0 
   d 13 0 3 0 0 
   d 17 0 3 0 0 
   d 21 0 3 0 0 
   d 25 0 3 0 0 
  c tz 6
   d 0 0 3 0 0
   d 9 0 3 0 0 
   d 13 0 3 0 0 
   d 17 0 3 0 0 
   d 21 0 3 0 0 
   d 25 0 3 0 0 
  c rx 6
   d 0 0 3 0 0
   d 9 0 3 0 0 
   d 13 0 3 0 0 
   d 17 0 3 0 0 
   d 21 0 3 0 0 
   d 25 0 3 0 0 
  c ry 6
   d 0 0 3 0 0
   d 9 0 3 0 0 
   d 13 0 3 0 0 
   d 17 0 3 0 0 
   d 21 0 3 0 0 
   d 25 0 3 0 0 
  c rz 6
   d 0 0 3 0 0
   d 9 0 3 0 0 
   d 13 0 3 0 0 
   d 17 0 3 0 0 
   d 21 0 3 0 0 
   d 25 0 3 0 0 
  c sx 6
   d 0 1 3 0 0
   d 9 1 3 0 0 
   d 13 1 3 0 0 
   d 17 1 3 0 0 
   d 21 1 3 0 0 
   d 25 1 3 0 0 
  c sy 6
   d 0 1 3 0 0
   d 9 1 3 0 0 
   d 13 1 3 0 0 
   d 17 1 3 0 0 
   d 21 1 3 0 0 
   d 25 1 3 0 0 
  c sz 6
   d 0 1 3 0 0
   d 9 1 3 0 0 
   d 13 1 3 0 0 
   d 17 1 3 0 0 
   d 21 1 3 0 0 
   d 25 1 3 0 0 
 n R_nakayubi 9
  c tx 6
   d 0 -0.02865 3 0 0
   d 9 -0.02865 3 0 0 
   d 13 -0.02865 3 0 0 
   d 17 -0.02865 3 0 0 
   d 21 -0.02865 3 0 0 
   d 25 -0.02865 3 0 0 
  c ty 6
   d 0 0.00296 3 0 0
   d 9 0.00296 3 0 0 
   d 13 0.00296 3 0 0 
   d 17 0.00296 3 0 0 
   d 21 0.00296 3 0 0 
   d 25 0.00296 3 0 0 
  c tz 6
   d 0 -0.007529 3 0 0
   d 9 -0.007529 3 0 0 
   d 13 -0.007529 3 0 0 
   d 17 -0.007529 3 0 0 
   d 21 -0.007529 3 0 0 
   d 25 -0.007529 3 0 0 
  c rx 6
   d 0 0 3 0 0
   d 9 0 3 0 0 
   d 13 0 3 0 0 
   d 17 0 3 0 0 
   d 21 0 3 0 0 
   d 25 0 3 0 0 
  c ry 6
   d 0 0 3 0 0
   d 9 0 3 0 0 
   d 13 0 3 0 0 
   d 17 0 3 0 0 
   d 21 0 3 0 0 
   d 25 0 3 0 0 
  c rz 6
   d 0 0 3 0 0
   d 9 0 3 0 0 
   d 13 0 3 0 0 
   d 17 0 3 0 0 
   d 21 0 3 0 0 
   d 25 0 3 0 0 
  c sx 6
   d 0 1 3 0 0
   d 9 1 3 0 0 
   d 13 1 3 0 0 
   d 17 1 3 0 0 
   d 21 1 3 0 0 
   d 25 1 3 0 0 
  c sy 6
   d 0 1 3 0 0
   d 9 1 3 0 0 
   d 13 1 3 0 0 
   d 17 1 3 0 0 
   d 21 1 3 0 0 
   d 25 1 3 0 0 
  c sz 6
   d 0 1 3 0 0
   d 9 1 3 0 0 
   d 13 1 3 0 0 
   d 17 1 3 0 0 
   d 21 1 3 0 0 
   d 25 1 3 0 0 
 n R_nakayubi2 9
  c tx 6
   d 0 -0.036218 3 0 0
   d 9 -0.036218 3 0 0 
   d 13 -0.036218 3 0 0 
   d 17 -0.036218 3 0 0 
   d 21 -0.036218 3 0 0 
   d 25 -0.036218 3 0 0 
  c ty 6
   d 0 0.00188 3 0 0
   d 9 0.00188 3 0 0 
   d 13 0.00188 3 0 0 
   d 17 0.00188 3 0 0 
   d 21 0.00188 3 0 0 
   d 25 0.00188 3 0 0 
  c tz 6
   d 0 0.000534 3 0 0
   d 9 0.000534 3 0 0 
   d 13 0.000534 3 0 0 
   d 17 0.000534 3 0 0 
   d 21 0.000534 3 0 0 
   d 25 0.000534 3 0 0 
  c rx 6
   d 0 0 3 0 0
   d 9 0 3 0 0 
   d 13 0 3 0 0 
   d 17 0 3 0 0 
   d 21 0 3 0 0 
   d 25 0 3 0 0 
  c ry 6
   d 0 0 3 0 0
   d 9 0 3 0 0 
   d 13 0 3 0 0 
   d 17 0 3 0 0 
   d 21 0 3 0 0 
   d 25 0 3 0 0 
  c rz 6
   d 0 0 3 0 0
   d 9 0 3 0 0 
   d 13 0 3 0 0 
   d 17 0 3 0 0 
   d 21 0 3 0 0 
   d 25 0 3 0 0 
  c sx 6
   d 0 1 3 0 0
   d 9 1 3 0 0 
   d 13 1 3 0 0 
   d 17 1 3 0 0 
   d 21 1 3 0 0 
   d 25 1 3 0 0 
  c sy 6
   d 0 1 3 0 0
   d 9 1 3 0 0 
   d 13 1 3 0 0 
   d 17 1 3 0 0 
   d 21 1 3 0 0 
   d 25 1 3 0 0 
  c sz 6
   d 0 1 3 0 0
   d 9 1 3 0 0 
   d 13 1 3 0 0 
   d 17 1 3 0 0 
   d 21 1 3 0 0 
   d 25 1 3 0 0 
 n R_nakayubi_3 9
  c tx 6
   d 0 -0.018113 3 0 0
   d 9 -0.018113 3 0 0 
   d 13 -0.018113 3 0 0 
   d 17 -0.018113 3 0 0 
   d 21 -0.018113 3 0 0 
   d 25 -0.018113 3 0 0 
  c ty 6
   d 0 0 3 0 0
   d 9 0 3 0 0 
   d 13 0 3 0 0 
   d 17 0 3 0 0 
   d 21 0 3 0 0 
   d 25 0 3 0 0 
  c tz 6
   d 0 0 3 0 0
   d 9 0 3 0 0 
   d 13 0 3 0 0 
   d 17 0 3 0 0 
   d 21 0 3 0 0 
   d 25 0 3 0 0 
  c rx 6
   d 0 0 3 0 0
   d 9 0 3 0 0 
   d 13 0 3 0 0 
   d 17 0 3 0 0 
   d 21 0 3 0 0 
   d 25 0 3 0 0 
  c ry 6
   d 0 0 3 0 0
   d 9 0 3 0 0 
   d 13 0 3 0 0 
   d 17 0 3 0 0 
   d 21 0 3 0 0 
   d 25 0 3 0 0 
  c rz 6
   d 0 0 3 0 0
   d 9 0 3 0 0 
   d 13 0 3 0 0 
   d 17 0 3 0 0 
   d 21 0 3 0 0 
   d 25 0 3 0 0 
  c sx 6
   d 0 1 3 0 0
   d 9 1 3 0 0 
   d 13 1 3 0 0 
   d 17 1 3 0 0 
   d 21 1 3 0 0 
   d 25 1 3 0 0 
  c sy 6
   d 0 1 3 0 0
   d 9 1 3 0 0 
   d 13 1 3 0 0 
   d 17 1 3 0 0 
   d 21 1 3 0 0 
   d 25 1 3 0 0 
  c sz 6
   d 0 1 3 0 0
   d 9 1 3 0 0 
   d 13 1 3 0 0 
   d 17 1 3 0 0 
   d 21 1 3 0 0 
   d 25 1 3 0 0 
 n R_nakayubi3 9
  c tx 6
   d 0 -0.02865 3 0 0
   d 9 -0.02865 3 0 0 
   d 13 -0.02865 3 0 0 
   d 17 -0.02865 3 0 0 
   d 21 -0.02865 3 0 0 
   d 25 -0.02865 3 0 0 
  c ty 6
   d 0 0.00296 3 0 0
   d 9 0.00296 3 0 0 
   d 13 0.00296 3 0 0 
   d 17 0.00296 3 0 0 
   d 21 0.00296 3 0 0 
   d 25 0.00296 3 0 0 
  c tz 6
   d 0 0.008334 3 0 0
   d 9 0.008334 3 0 0 
   d 13 0.008334 3 0 0 
   d 17 0.008334 3 0 0 
   d 21 0.008334 3 0 0 
   d 25 0.008334 3 0 0 
  c rx 6
   d 0 0 3 0 0
   d 9 0 3 0 0 
   d 13 0 3 0 0 
   d 17 0 3 0 0 
   d 21 0 3 0 0 
   d 25 0 3 0 0 
  c ry 6
   d 0 0 3 0 0
   d 9 0 3 0 0 
   d 13 0 3 0 0 
   d 17 0 3 0 0 
   d 21 0 3 0 0 
   d 25 0 3 0 0 
  c rz 6
   d 0 0 3 0 0
   d 9 0 3 0 0 
   d 13 0 3 0 0 
   d 17 0 3 0 0 
   d 21 0 3 0 0 
   d 25 0 3 0 0 
  c sx 6
   d 0 1 3 0 0
   d 9 1 3 0 0 
   d 13 1 3 0 0 
   d 17 1 3 0 0 
   d 21 1 3 0 0 
   d 25 1 3 0 0 
  c sy 6
   d 0 1 3 0 0
   d 9 1 3 0 0 
   d 13 1 3 0 0 
   d 17 1 3 0 0 
   d 21 1 3 0 0 
   d 25 1 3 0 0 
  c sz 6
   d 0 1 3 0 0
   d 9 1 3 0 0 
   d 13 1 3 0 0 
   d 17 1 3 0 0 
   d 21 1 3 0 0 
   d 25 1 3 0 0 
 n R_nakayubi2 9
  c tx 6
   d 0 -0.041027 3 0 0
   d 9 -0.041027 3 0 0 
   d 13 -0.041027 3 0 0 
   d 17 -0.041027 3 0 0 
   d 21 -0.041027 3 0 0 
   d 25 -0.041027 3 0 0 
  c ty 6
   d 0 0.00188 3 0 0
   d 9 0.00188 3 0 0 
   d 13 0.00188 3 0 0 
   d 17 0.00188 3 0 0 
   d 21 0.00188 3 0 0 
   d 25 0.00188 3 0 0 
  c tz 6
   d 0 0.000219 3 0 0
   d 9 0.000219 3 0 0 
   d 13 0.000219 3 0 0 
   d 17 0.000219 3 0 0 
   d 21 0.000219 3 0 0 
   d 25 0.000219 3 0 0 
  c rx 6
   d 0 0 3 0 0
   d 9 0 3 0 0 
   d 13 0 3 0 0 
   d 17 0 3 0 0 
   d 21 0 3 0 0 
   d 25 0 3 0 0 
  c ry 6
   d 0 0 3 0 0
   d 9 0 3 0 0 
   d 13 0 3 0 0 
   d 17 0 3 0 0 
   d 21 0 3 0 0 
   d 25 0 3 0 0 
  c rz 6
   d 0 0 3 0 0
   d 9 0 3 0 0 
   d 13 0 3 0 0 
   d 17 0 3 0 0 
   d 21 0 3 0 0 
   d 25 0 3 0 0 
  c sx 6
   d 0 1 3 0 0
   d 9 1 3 0 0 
   d 13 1 3 0 0 
   d 17 1 3 0 0 
   d 21 1 3 0 0 
   d 25 1 3 0 0 
  c sy 6
   d 0 1 3 0 0
   d 9 1 3 0 0 
   d 13 1 3 0 0 
   d 17 1 3 0 0 
   d 21 1 3 0 0 
   d 25 1 3 0 0 
  c sz 6
   d 0 1 3 0 0
   d 9 1 3 0 0 
   d 13 1 3 0 0 
   d 17 1 3 0 0 
   d 21 1 3 0 0 
   d 25 1 3 0 0 
 n R_nakayubi3 9
  c tx 6
   d 0 -0.021319 3 0 0
   d 9 -0.021319 3 0 0 
   d 13 -0.021319 3 0 0 
   d 17 -0.021319 3 0 0 
   d 21 -0.021319 3 0 0 
   d 25 -0.021319 3 0 0 
  c ty 6
   d 0 0 3 0 0
   d 9 0 3 0 0 
   d 13 0 3 0 0 
   d 17 0 3 0 0 
   d 21 0 3 0 0 
   d 25 0 3 0 0 
  c tz 6
   d 0 0 3 0 0
   d 9 0 3 0 0 
   d 13 0 3 0 0 
   d 17 0 3 0 0 
   d 21 0 3 0 0 
   d 25 0 3 0 0 
  c rx 6
   d 0 0 3 0 0
   d 9 0 3 0 0 
   d 13 0 3 0 0 
   d 17 0 3 0 0 
   d 21 0 3 0 0 
   d 25 0 3 0 0 
  c ry 6
   d 0 0 3 0 0
   d 9 0 3 0 0 
   d 13 0 3 0 0 
   d 17 0 3 0 0 
   d 21 0 3 0 0 
   d 25 0 3 0 0 
  c rz 6
   d 0 0 3 0 0
   d 9 0 3 0 0 
   d 13 0 3 0 0 
   d 17 0 3 0 0 
   d 21 0 3 0 0 
   d 25 0 3 0 0 
  c sx 6
   d 0 1 3 0 0
   d 9 1 3 0 0 
   d 13 1 3 0 0 
   d 17 1 3 0 0 
   d 21 1 3 0 0 
   d 25 1 3 0 0 
  c sy 6
   d 0 1 3 0 0
   d 9 1 3 0 0 
   d 13 1 3 0 0 
   d 17 1 3 0 0 
   d 21 1 3 0 0 
   d 25 1 3 0 0 
  c sz 6
   d 0 1 3 0 0
   d 9 1 3 0 0 
   d 13 1 3 0 0 
   d 17 1 3 0 0 
   d 21 1 3 0 0 
   d 25 1 3 0 0 
 n R_hitosasiyubi 9
  c tx 6
   d 0 -0.02865 3 0 0
   d 9 -0.02865 3 0 0 
   d 13 -0.02865 3 0 0 
   d 17 -0.02865 3 0 0 
   d 21 -0.02865 3 0 0 
   d 25 -0.02865 3 0 0 
  c ty 6
   d 0 0.00296 3 0 0
   d 9 0.00296 3 0 0 
   d 13 0.00296 3 0 0 
   d 17 0.00296 3 0 0 
   d 21 0.00296 3 0 0 
   d 25 0.00296 3 0 0 
  c tz 6
   d 0 0.023886 3 0 0
   d 9 0.023886 3 0 0 
   d 13 0.023886 3 0 0 
   d 17 0.023886 3 0 0 
   d 21 0.023886 3 0 0 
   d 25 0.023886 3 0 0 
  c rx 6
   d 0 0 3 0 0
   d 9 0 3 0 0 
   d 13 0 3 0 0 
   d 17 0 3 0 0 
   d 21 0 3 0 0 
   d 25 0 3 0 0 
  c ry 6
   d 0 0 3 0 0
   d 9 0 3 0 0 
   d 13 0 3 0 0 
   d 17 0 3 0 0 
   d 21 0 3 0 0 
   d 25 0 3 0 0 
  c rz 6
   d 0 0 3 0 0
   d 9 0 3 0 0 
   d 13 0 3 0 0 
   d 17 0 3 0 0 
   d 21 0 3 0 0 
   d 25 0 3 0 0 
  c sx 6
   d 0 1 3 0 0
   d 9 1 3 0 0 
   d 13 1 3 0 0 
   d 17 1 3 0 0 
   d 21 1 3 0 0 
   d 25 1 3 0 0 
  c sy 6
   d 0 1 3 0 0
   d 9 1 3 0 0 
   d 13 1 3 0 0 
   d 17 1 3 0 0 
   d 21 1 3 0 0 
   d 25 1 3 0 0 
  c sz 6
   d 0 1 3 0 0
   d 9 1 3 0 0 
   d 13 1 3 0 0 
   d 17 1 3 0 0 
   d 21 1 3 0 0 
   d 25 1 3 0 0 
 n R_hitosasiyubi2 9
  c tx 6
   d 0 -0.036218 3 0 0
   d 9 -0.036218 3 0 0 
   d 13 -0.036218 3 0 0 
   d 17 -0.036218 3 0 0 
   d 21 -0.036218 3 0 0 
   d 25 -0.036218 3 0 0 
  c ty 6
   d 0 0.00188 3 0 0
   d 9 0.00188 3 0 0 
   d 13 0.00188 3 0 0 
   d 17 0.00188 3 0 0 
   d 21 0.00188 3 0 0 
   d 25 0.00188 3 0 0 
  c tz 6
   d 0 -0.000265 3 0 0
   d 9 -0.000265 3 0 0 
   d 13 -0.000265 3 0 0 
   d 17 -0.000265 3 0 0 
   d 21 -0.000265 3 0 0 
   d 25 -0.000265 3 0 0 
  c rx 6
   d 0 0 3 0 0
   d 9 0 3 0 0 
   d 13 0 3 0 0 
   d 17 0 3 0 0 
   d 21 0 3 0 0 
   d 25 0 3 0 0 
  c ry 6
   d 0 0 3 0 0
   d 9 0 3 0 0 
   d 13 0 3 0 0 
   d 17 0 3 0 0 
   d 21 0 3 0 0 
   d 25 0 3 0 0 
  c rz 6
   d 0 0 3 0 0
   d 9 0 3 0 0 
   d 13 0 3 0 0 
   d 17 0 3 0 0 
   d 21 0 3 0 0 
   d 25 0 3 0 0 
  c sx 6
   d 0 1 3 0 0
   d 9 1 3 0 0 
   d 13 1 3 0 0 
   d 17 1 3 0 0 
   d 21 1 3 0 0 
   d 25 1 3 0 0 
  c sy 6
   d 0 1 3 0 0
   d 9 1 3 0 0 
   d 13 1 3 0 0 
   d 17 1 3 0 0 
   d 21 1 3 0 0 
   d 25 1 3 0 0 
  c sz 6
   d 0 1 3 0 0
   d 9 1 3 0 0 
   d 13 1 3 0 0 
   d 17 1 3 0 0 
   d 21 1 3 0 0 
   d 25 1 3 0 0 
 n R_hitosasiyubi3 9
  c tx 6
   d 0 -0.019235 3 0 0
   d 9 -0.019235 3 0 0 
   d 13 -0.019235 3 0 0 
   d 17 -0.019235 3 0 0 
   d 21 -0.019235 3 0 0 
   d 25 -0.019235 3 0 0 
  c ty 6
   d 0 0 3 0 0
   d 9 0 3 0 0 
   d 13 0 3 0 0 
   d 17 0 3 0 0 
   d 21 0 3 0 0 
   d 25 0 3 0 0 
  c tz 6
   d 0 0 3 0 0
   d 9 0 3 0 0 
   d 13 0 3 0 0 
   d 17 0 3 0 0 
   d 21 0 3 0 0 
   d 25 0 3 0 0 
  c rx 6
   d 0 0 3 0 0
   d 9 0 3 0 0 
   d 13 0 3 0 0 
   d 17 0 3 0 0 
   d 21 0 3 0 0 
   d 25 0 3 0 0 
  c ry 6
   d 0 0 3 0 0
   d 9 0 3 0 0 
   d 13 0 3 0 0 
   d 17 0 3 0 0 
   d 21 0 3 0 0 
   d 25 0 3 0 0 
  c rz 6
   d 0 0 3 0 0
   d 9 0 3 0 0 
   d 13 0 3 0 0 
   d 17 0 3 0 0 
   d 21 0 3 0 0 
   d 25 0 3 0 0 
  c sx 6
   d 0 1 3 0 0
   d 9 1 3 0 0 
   d 13 1 3 0 0 
   d 17 1 3 0 0 
   d 21 1 3 0 0 
   d 25 1 3 0 0 
  c sy 6
   d 0 1 3 0 0
   d 9 1 3 0 0 
   d 13 1 3 0 0 
   d 17 1 3 0 0 
   d 21 1 3 0 0 
   d 25 1 3 0 0 
  c sz 6
   d 0 1 3 0 0
   d 9 1 3 0 0 
   d 13 1 3 0 0 
   d 17 1 3 0 0 
   d 21 1 3 0 0 
   d 25 1 3 0 0 
 n R_oyayubi 9
  c tx 6
   d 0 -0.003742 3 0 0
   d 9 -0.003742 3 0 0 
   d 13 -0.003742 3 0 0 
   d 17 -0.003742 3 0 0 
   d 21 -0.003742 3 0 0 
   d 25 -0.003742 3 0 0 
  c ty 6
   d 0 -0.00772 3 0 0
   d 9 -0.00772 3 0 0 
   d 13 -0.00772 3 0 0 
   d 17 -0.00772 3 0 0 
   d 21 -0.00772 3 0 0 
   d 25 -0.00772 3 0 0 
  c tz 6
   d 0 0.031351 3 0 0
   d 9 0.031351 3 0 0 
   d 13 0.031351 3 0 0 
   d 17 0.031351 3 0 0 
   d 21 0.031351 3 0 0 
   d 25 0.031351 3 0 0 
  c rx 6
   d 0 0 3 0 0
   d 9 0 3 0 0 
   d 13 0 3 0 0 
   d 17 0 3 0 0 
   d 21 0 3 0 0 
   d 25 0 3 0 0 
  c ry 6
   d 0 0 3 0 0
   d 9 0 3 0 0 
   d 13 0 3 0 0 
   d 17 0 3 0 0 
   d 21 0 3 0 0 
   d 25 0 3 0 0 
  c rz 6
   d 0 0 3 0 0
   d 9 0 3 0 0 
   d 13 0 3 0 0 
   d 17 0 3 0 0 
   d 21 0 3 0 0 
   d 25 0 3 0 0 
  c sx 6
   d 0 1 3 0 0
   d 9 1 3 0 0 
   d 13 1 3 0 0 
   d 17 1 3 0 0 
   d 21 1 3 0 0 
   d 25 1 3 0 0 
  c sy 6
   d 0 1 3 0 0
   d 9 1 3 0 0 
   d 13 1 3 0 0 
   d 17 1 3 0 0 
   d 21 1 3 0 0 
   d 25 1 3 0 0 
  c sz 6
   d 0 1 3 0 0
   d 9 1 3 0 0 
   d 13 1 3 0 0 
   d 17 1 3 0 0 
   d 21 1 3 0 0 
   d 25 1 3 0 0 
 n R_oyayubi2 9
  c tx 6
   d 0 -0.017046 3 0 0
   d 9 -0.017046 3 0 0 
   d 13 -0.017046 3 0 0 
   d 17 -0.017046 3 0 0 
   d 21 -0.017046 3 0 0 
   d 25 -0.017046 3 0 0 
  c ty 6
   d 0 0.00926 3 0 0
   d 9 0.00926 3 0 0 
   d 13 0.00926 3 0 0 
   d 17 0.00926 3 0 0 
   d 21 0.00926 3 0 0 
   d 25 0.00926 3 0 0 
  c tz 6
   d 0 0.012073 3 0 0
   d 9 0.012073 3 0 0 
   d 13 0.012073 3 0 0 
   d 17 0.012073 3 0 0 
   d 21 0.012073 3 0 0 
   d 25 0.012073 3 0 0 
  c rx 6
   d 0 0 3 0 0
   d 9 0 3 0 0 
   d 13 0 3 0 0 
   d 17 0 3 0 0 
   d 21 0 3 0 0 
   d 25 0 3 0 0 
  c ry 6
   d 0 0 3 0 0
   d 9 0 3 0 0 
   d 13 0 3 0 0 
   d 17 0 3 0 0 
   d 21 0 3 0 0 
   d 25 0 3 0 0 
  c rz 6
   d 0 0 3 0 0
   d 9 0 3 0 0 
   d 13 0 3 0 0 
   d 17 0 3 0 0 
   d 21 0 3 0 0 
   d 25 0 3 0 0 
  c sx 6
   d 0 1 3 0 0
   d 9 1 3 0 0 
   d 13 1 3 0 0 
   d 17 1 3 0 0 
   d 21 1 3 0 0 
   d 25 1 3 0 0 
  c sy 6
   d 0 1 3 0 0
   d 9 1 3 0 0 
   d 13 1 3 0 0 
   d 17 1 3 0 0 
   d 21 1 3 0 0 
   d 25 1 3 0 0 
  c sz 6
   d 0 1 3 0 0
   d 9 1 3 0 0 
   d 13 1 3 0 0 
   d 17 1 3 0 0 
   d 21 1 3 0 0 
   d 25 1 3 0 0 
 n R_oyayubi3 9
  c tx 6
   d 0 -0.021648 3 0 0
   d 9 -0.021648 3 0 0 
   d 13 -0.021648 3 0 0 
   d 17 -0.021648 3 0 0 
   d 21 -0.021648 3 0 0 
   d 25 -0.021648 3 0 0 
  c ty 6
   d 0 0 3 0 0
   d 9 0 3 0 0 
   d 13 0 3 0 0 
   d 17 0 3 0 0 
   d 21 0 3 0 0 
   d 25 0 3 0 0 
  c tz 6
   d 0 0 3 0 0
   d 9 0 3 0 0 
   d 13 0 3 0 0 
   d 17 0 3 0 0 
   d 21 0 3 0 0 
   d 25 0 3 0 0 
  c rx 6
   d 0 0 3 0 0
   d 9 0 3 0 0 
   d 13 0 3 0 0 
   d 17 0 3 0 0 
   d 21 0 3 0 0 
   d 25 0 3 0 0 
  c ry 6
   d 0 0 3 0 0
   d 9 0 3 0 0 
   d 13 0 3 0 0 
   d 17 0 3 0 0 
   d 21 0 3 0 0 
   d 25 0 3 0 0 
  c rz 6
   d 0 0 3 0 0
   d 9 0 3 0 0 
   d 13 0 3 0 0 
   d 17 0 3 0 0 
   d 21 0 3 0 0 
   d 25 0 3 0 0 
  c sx 6
   d 0 1 3 0 0
   d 9 1 3 0 0 
   d 13 1 3 0 0 
   d 17 1 3 0 0 
   d 21 1 3 0 0 
   d 25 1 3 0 0 
  c sy 6
   d 0 1 3 0 0
   d 9 1 3 0 0 
   d 13 1 3 0 0 
   d 17 1 3 0 0 
   d 21 1 3 0 0 
   d 25 1 3 0 0 
  c sz 6
   d 0 1 3 0 0
   d 9 1 3 0 0 
   d 13 1 3 0 0 
   d 17 1 3 0 0 
   d 21 1 3 0 0 
   d 25 1 3 0 0 
 n R_buki 9
  c tx 6
   d 0 -0.000013 3 0 0
   d 9 -0.000013 3 0 0 
   d 13 -0.000013 3 0 0 
   d 17 -0.000013 3 0 0 
   d 21 -0.000013 3 0 0 
   d 25 -0.000013 3 0 0 
  c ty 6
   d 0 -0.0618 3 0 0
   d 9 -0.0618 3 0 0 
   d 13 -0.0618 3 0 0 
   d 17 -0.0618 3 0 0 
   d 21 -0.0618 3 0 0 
   d 25 -0.0618 3 0 0 
  c tz 6
   d 0 0.000059 3 0 0
   d 9 0.000059 3 0 0 
   d 13 0.000059 3 0 0 
   d 17 0.000059 3 0 0 
   d 21 0.000059 3 0 0 
   d 25 0.000059 3 0 0 
  c rx 6
   d 0 0 3 0 0
   d 9 0 3 0 0 
   d 13 0 3 0 0 
   d 17 0 3 0 0 
   d 21 0 3 0 0 
   d 25 0 3 0 0 
  c ry 6
   d 0 0 3 0 0
   d 9 0 3 0 0 
   d 13 0 3 0 0 
   d 17 0 3 0 0 
   d 21 0 3 0 0 
   d 25 0 3 0 0 
  c rz 6
   d 0 0 3 0 0
   d 9 0 3 0 0 
   d 13 0 3 0 0 
   d 17 0 3 0 0 
   d 21 0 3 0 0 
   d 25 0 3 0 0 
  c sx 6
   d 0 1 3 0 0
   d 9 1 3 0 0 
   d 13 1 3 0 0 
   d 17 1 3 0 0 
   d 21 1 3 0 0 
   d 25 1 3 0 0 
  c sy 6
   d 0 1 3 0 0
   d 9 1 3 0 0 
   d 13 1 3 0 0 
   d 17 1 3 0 0 
   d 21 1 3 0 0 
   d 25 1 3 0 0 
  c sz 6
   d 0 1 3 0 0
   d 9 1 3 0 0 
   d 13 1 3 0 0 
   d 17 1 3 0 0 
   d 21 1 3 0 0 
   d 25 1 3 0 0 
 n locator2 0
 n R_momo 9
  c tx 7
   d 0 -0.07 3 0 0 
   d 5 -0.07 3 0 0 
   d 9 -0.07 3 0 0 
   d 13 -0.07 3 0 0 
   d 17 -0.07 3 0 0 
   d 21 -0.07 3 0 0 
   d 25 -0.07 3 0 0 
  c ty 6
   d 0 -0.068772 3 0 0
   d 9 -0.068772 3 0 0 
   d 13 -0.068772 3 0 0 
   d 17 -0.068772 3 0 0 
   d 21 -0.068772 3 0 0 
   d 25 -0.068772 3 0 0 
  c tz 6
   d 0 0.018043 3 0 0 
   d 9 -0.041725 3 0 0 
   d 13 -0.026862 3 0.015886 0.015886 
   d 17 -0.010267 3 0.040856 0.040856 
   d 21 0.05404 3 0 0 
   d 25 0.021979 3 0 0 
  c rx 7
   d 0 -0.512563 3 0 0 
   d 5 -0.377186 3 0.410195 0.328156 
   d 9 0.622831 3 0.013048 0.013048 
   d 13 0.627138 3 0 0 
   d 17 0.138412 3 -0.851792 -0.851792 
   d 21 -1.059577 3 0 0 
   d 25 -0.553486 3 0 0 
  c ry 6
   d 0 0 3 0 0
   d 9 0 3 0 0 
   d 13 0 3 0 0 
   d 17 0 3 0 0 
   d 21 0 3 0 0 
   d 25 0 3 0 0 
  c rz 6
   d 0 0 3 0 0
   d 9 0 3 0 0 
   d 13 0 3 0 0 
   d 17 0 3 0 0 
   d 21 0 3 0 0 
   d 25 0 3 0 0 
  c sx 6
   d 0 1 3 0 0
   d 9 1 3 0 0 
   d 13 1 3 0 0 
   d 17 1 3 0 0 
   d 21 1 3 0 0 
   d 25 1 3 0 0 
  c sy 6
   d 0 1 3 0 0
   d 9 1 3 0 0 
   d 13 1 3 0 0 
   d 17 1 3 0 0 
   d 21 1 3 0 0 
   d 25 1 3 0 0 
  c sz 6
   d 0 1 3 0 0
   d 9 1 3 0 0 
   d 13 1 3 0 0 
   d 17 1 3 0 0 
   d 21 1 3 0 0 
   d 25 1 3 0 0 
 n R_hiza 9
  c tx 7
   d 0 0.020271 3 0 0 
   d 5 0.02 3 0 0 
   d 9 0.02 3 0 0 
   d 13 0.02 3 0 0 
   d 17 0.02 3 0 0 
   d 21 0.02 3 0 0 
   d 25 0.020266 3 0 0 
  c ty 7
   d 0 -0.331292 3 0 0 
   d 5 -0.331292 3 0 0 
   d 9 -0.331292 3 0 0 
   d 13 -0.331292 3 0 0 
   d 17 -0.331292 3 0 0 
   d 21 -0.331292 3 0 0 
   d 25 -0.331292 3 0 0 
  c tz 7
   d 0 0.00697 3 0 0 
   d 5 0.00697 3 0 0 
   d 9 0.00697 3 0 0 
   d 13 0.00697 3 0 0 
   d 17 0.00697 3 0 0 
   d 21 0.00697 3 0 0 
   d 25 0.00697 3 0 0 
  c rx 7
   d 0 0.06622 3 0 0 
   d 5 0.562853 3 0 0 
   d 9 -0.041259 3 0 0 
   d 13 1.107861 3 0.932809 0.932809 
   d 17 1.805887 3 0 0 
   d 21 1.213573 3 -0.871032 -0.871032 
   d 25 0.081073 3 0 0 
  c ry 7
   d 0 0 3 0 0 
   d 5 0 3 0 0 
   d 9 0 3 0 0 
   d 13 0 3 0 0 
   d 17 0 3 0 0 
   d 21 0 3 0 0 
   d 25 0 3 0 0 
  c rz 7
   d 0 0 3 0 0 
   d 5 0 3 0 0 
   d 9 0 3 0 0 
   d 13 0 3 0 0 
   d 17 0 3 0 0 
   d 21 0 3 0 0 
   d 25 0 3 0 0 
  c sx 7
   d 0 1 3 0 0 
   d 5 1 3 0 0 
   d 9 1 3 0 0 
   d 13 1 3 0 0 
   d 17 1 3 0 0 
   d 21 1 3 0 0 
   d 25 1 3 0 0 
  c sy 7
   d 0 1 3 0 0 
   d 5 1 3 0 0 
   d 9 1 3 0 0 
   d 13 1 3 0 0 
   d 17 1 3 0 0 
   d 21 1 3 0 0 
   d 25 1 3 0 0 
  c sz 7
   d 0 1 3 0 0 
   d 5 1 3 0 0 
   d 9 1 3 0 0 
   d 13 1 3 0 0 
   d 17 1 3 0 0 
   d 21 1 3 0 0 
   d 25 1 3 0 0 
 n R_asikubi 9
  c tx 6
   d 0 -0.019132 3 0 0
   d 9 -0.019132 3 0 0 
   d 13 -0.019132 3 0 0 
   d 17 -0.019132 3 0 0 
   d 21 -0.019132 3 0 0 
   d 25 -0.019132 3 0 0 
  c ty 6
   d 0 -0.453711 3 0 0
   d 9 -0.453711 3 0 0 
   d 13 -0.453711 3 0 0 
   d 17 -0.453711 3 0 0 
   d 21 -0.453711 3 0 0 
   d 25 -0.453711 3 0 0 
  c tz 6
   d 0 -0.045062 3 0 0
   d 9 -0.045062 3 0 0 
   d 13 -0.045062 3 0 0 
   d 17 -0.045062 3 0 0 
   d 21 -0.045062 3 0 0 
   d 25 -0.045062 3 0 0 
  c rx 7
   d 0 0.34724 3 0 0 
   d 5 -0.180134 3 0 0 
   d 9 0.303473 3 0 0 
   d 13 0.303473 3 0 0 
   d 17 0.303473 3 0 0 
   d 21 0.303473 3 0 0 
   d 25 0.346449 3 0 0 
  c ry 6
   d 0 0 3 0 0
   d 9 0 3 0 0 
   d 13 0 3 0 0 
   d 17 0 3 0 0 
   d 21 0 3 0 0 
   d 25 0 3 0 0 
  c rz 6
   d 0 0 3 0 0
   d 9 0 3 0 0 
   d 13 0 3 0 0 
   d 17 0 3 0 0 
   d 21 0 3 0 0 
   d 25 0 3 0 0 
  c sx 6
   d 0 1 3 0 0
   d 9 1 3 0 0 
   d 13 1 3 0 0 
   d 17 1 3 0 0 
   d 21 1 3 0 0 
   d 25 1 3 0 0 
  c sy 6
   d 0 1 3 0 0
   d 9 1 3 0 0 
   d 13 1 3 0 0 
   d 17 1 3 0 0 
   d 21 1 3 0 0 
   d 25 1 3 0 0 
  c sz 6
   d 0 1 3 0 0
   d 9 1 3 0 0 
   d 13 1 3 0 0 
   d 17 1 3 0 0 
   d 21 1 3 0 0 
   d 25 1 3 0 0 
 n R_asi 9
  c tx 7
   d 0 0.00056 3 0 0
   d 5 0.00056 3 0 0 
   d 9 0.00056 3 -0 -0 
   d 13 0.000532 3 -0.000038 -0.000038 
   d 17 0.000484 3 -0.000076 -0.000076 
   d 21 0.00038 3 -0.000117 -0.000117 
   d 25 0.000253 3 0 0 
  c ty 7
   d 0 -0.028157 3 0 0
   d 5 -0.028157 3 0 0 
   d 9 -0.028157 3 0 0 
   d 13 -0.028149 3 0.000011 0.000011 
   d 17 -0.028135 3 0.000022 0.000022 
   d 21 -0.028104 3 0.000034 0.000034 
   d 25 -0.028067 3 0 0 
  c tz 7
   d 0 0.04216 3 0 0
   d 5 0.04216 3 0 0 
   d 9 0.04216 3 0 0 
   d 13 0.042177 3 0.000023 0.000023 
   d 17 0.042205 3 0.000045 0.000045 
   d 21 0.042267 3 0.000069 0.000069 
   d 25 0.042342 3 0 0 
  c rx 7
   d 0 -0.023774 3 0 0
   d 5 -0.023774 3 0 0 
   d 9 -0.169747 3 0 0 
   d 13 -0.013776 3 0 0 
   d 17 -0.026025 3 -0.037116 -0.037116 
   d 21 -0.129093 3 -0.111757 -0.111757 
   d 25 -0.247327 3 0 0 
  c ry 7
   d 0 0 3 0 0
   d 5 0 3 0 0 
   d 9 0 3 0 0 
   d 13 0 3 0 0 
   d 17 0 3 0 0 
   d 21 0 3 0 0 
   d 25 0 3 0 0 
  c rz 7
   d 0 0 3 0 0
   d 5 0 3 0 0 
   d 9 0 3 0 0 
   d 13 0 3 0 0 
   d 17 0 3 0 0 
   d 21 0 3 0 0 
   d 25 0 3 0 0 
  c sx 7
   d 0 1 3 0 0
   d 5 1 3 0 0 
   d 9 1 3 0 0 
   d 13 1 3 0 0 
   d 17 1 3 0 0 
   d 21 1 3 0 0 
   d 25 1 3 0 0 
  c sy 7
   d 0 1 3 0 0
   d 5 1 3 0 0 
   d 9 1 3 0 0 
   d 13 1 3 0 0 
   d 17 1 3 0 0 
   d 21 1 3 0 0 
   d 25 1 3 0 0 
  c sz 7
   d 0 1 3 0 0
   d 5 1 3 0 0 
   d 9 1 3 0 0 
   d 13 1 3 0 0 
   d 17 1 3 0 0 
   d 21 1 3 0 0 
   d 25 1 3 0 0 
 n R_asisaki 9
  c tx 6
   d 0 0 3 0 0
   d 9 0 3 0 0 
   d 13 0 3 0 0 
   d 17 0 3 0 0 
   d 21 0 3 0 0 
   d 25 0 3 0 0 
  c ty 6
   d 0 -0.00368 3 0 0
   d 9 -0.00368 3 0 0 
   d 13 -0.00368 3 0 0 
   d 17 -0.00368 3 0 0 
   d 21 -0.00368 3 0 0 
   d 25 -0.00368 3 0 0 
  c tz 6
   d 0 0.071898 3 0 0
   d 9 0.071898 3 0 0 
   d 13 0.071898 3 0 0 
   d 17 0.071898 3 0 0 
   d 21 0.071898 3 0 0 
   d 25 0.071898 3 0 0 
  c rx 6
   d 0 0 3 0 0
   d 9 0 3 0 0 
   d 13 0 3 0 0 
   d 17 0 3 0 0 
   d 21 0 3 0 0 
   d 25 0 3 0 0 
  c ry 6
   d 0 0 3 0 0
   d 9 0 3 0 0 
   d 13 0 3 0 0 
   d 17 0 3 0 0 
   d 21 0 3 0 0 
   d 25 0 3 0 0 
  c rz 6
   d 0 0 3 0 0
   d 9 0 3 0 0 
   d 13 0 3 0 0 
   d 17 0 3 0 0 
   d 21 0 3 0 0 
   d 25 0 3 0 0 
  c sx 6
   d 0 1 3 0 0
   d 9 1 3 0 0 
   d 13 1 3 0 0 
   d 17 1 3 0 0 
   d 21 1 3 0 0 
   d 25 1 3 0 0 
  c sy 6
   d 0 1 3 0 0
   d 9 1 3 0 0 
   d 13 1 3 0 0 
   d 17 1 3 0 0 
   d 21 1 3 0 0 
   d 25 1 3 0 0 
  c sz 6
   d 0 1 3 0 0
   d 9 1 3 0 0 
   d 13 1 3 0 0 
   d 17 1 3 0 0 
   d 21 1 3 0 0 
   d 25 1 3 0 0 
 n ponite1 0
 n kami2 0
 n suka_to3 0
 n pCube8 0
 n pCube21 0
 n kutuR2 0
 n pCube23 0
 n kutuR3 0
 n polySurface6 0
 n pCube32 0
 n pCube36 0
 n pCube4 0
 n pCube37 0
}
