a Noa_kaihi 72
{
 n RootNode 0
 n bottom 0
 n LO 9
  c tx 2
   d 0 0 3 0 0 
   d 20 0 3 0 0
  c ty 2
   d 0 -0.140851 3 0 0 
   d 20 -0.140851 3 0 0
  c tz 2
   d 0 0 3 0 0 
   d 20 0 3 0 0
  c rx 2
   d 0 0 3 0 0 
   d 20 0 3 0 0
  c ry 2
   d 0 0 3 0 0 
   d 20 0 3 0 0
  c rz 2
   d 0 0 3 0 0 
   d 20 0 3 0 0
  c sx 2
   d 0 1 3 0 0 
   d 20 1 3 0 0
  c sy 2
   d 0 1 3 0 0 
   d 20 1 3 0 0
  c sz 2
   d 0 1 3 0 0 
   d 20 1 3 0 0
 n tinnko 9
  c tx 2
   d 0 0 3 0 0 
   d 20 0 3 0 0
  c ty 2
   d 0 0.929654 3 0 0 
   d 20 0.929654 3 0 0
  c tz 2
   d 0 0.043908 3 0 0 
   d 20 0.043908 3 0 0
  c rx 2
   d 0 0 3 0 0 
   d 20 0 3 0 0
  c ry 2
   d 0 0 3 0 0 
   d 20 0 3 0 0
  c rz 2
   d 0 0 3 0 0 
   d 20 0 3 0 0
  c sx 2
   d 0 1 3 0 0 
   d 20 1 3 0 0
  c sy 2
   d 0 1 3 0 0 
   d 20 1 3 0 0
  c sz 2
   d 0 1 3 0 0 
   d 20 1 3 0 0
 n tinnko2 9
  c tx 2
   d 0 0 3 0 0 
   d 20 0 3 0 0
  c ty 2
   d 0 0 3 0 0 
   d 20 0 3 0 0
  c tz 2
   d 0 0 3 0 0 
   d 20 0 3 0 0
  c rx 2
   d 0 0 3 0 0 
   d 20 0 3 0 0
  c ry 2
   d 0 0 3 0 0 
   d 20 0 3 0 0
  c rz 2
   d 0 0 3 0 0 
   d 20 0 3 0 0
  c sx 2
   d 0 1 3 0 0 
   d 20 1 3 0 0
  c sy 2
   d 0 1 3 0 0 
   d 20 1 3 0 0
  c sz 2
   d 0 1 3 0 0 
   d 20 1 3 0 0
 n hidariasi 9
  c tx 3
   d 0 0.069899 3 0 0 
   d 14 0.07 3 0 0 
   d 20 0.07 3 0 0
  c ty 3
   d 0 -0.068772 3 0 0 
   d 14 -0.068772 3 0 0 
   d 20 -0.068772 3 0 0
  c tz 3
   d 0 -0.005262 3 0 0 
   d 14 -0.005262 3 0 0 
   d 20 -0.005262 3 0 0
  c rx 3
   d 0 0.447785 3 0 0 
   d 14 -0.951507 3 0 0 
   d 20 -0.951507 3 0 0
  c ry 3
   d 0 0 3 0 0 
   d 14 -0.049754 3 0 0 
   d 20 -0.049754 3 0 0
  c rz 3
   d 0 0 3 0 0 
   d 14 -0.086451 3 0 0 
   d 20 -0.086451 3 0 0
  c sx 3
   d 0 1 3 0 0 
   d 14 1 3 0 0 
   d 20 1 3 0 0
  c sy 3
   d 0 1 3 0 0 
   d 14 1 3 0 0 
   d 20 1 3 0 0
  c sz 3
   d 0 1 3 0 0 
   d 14 1 3 0 0 
   d 20 1 3 0 0
 n Lhiza 9
  c tx 3
   d 0 -0.020271 3 0 0 
   d 14 -0.02 3 0 0 
   d 20 -0.02 3 0 0
  c ty 3
   d 0 -0.331292 3 0 0 
   d 14 -0.331292 3 0 0 
   d 20 -0.331292 3 0 0
  c tz 3
   d 0 0.00697 3 0 0 
   d 14 0.00697 3 0 0 
   d 20 0.00697 3 0 0
  c rx 3
   d 0 0.330354 3 0 0 
   d 14 0.91661 3 0 0 
   d 20 0.91661 3 0 0
  c ry 3
   d 0 0 3 0 0 
   d 14 0 3 0 0 
   d 20 0 3 0 0
  c rz 3
   d 0 0 3 0 0 
   d 14 0 3 0 0 
   d 20 0 3 0 0
  c sx 3
   d 0 1 3 0 0 
   d 14 1 3 0 0 
   d 20 1 3 0 0
  c sy 3
   d 0 1 3 0 0 
   d 14 1 3 0 0 
   d 20 1 3 0 0
  c sz 3
   d 0 1 3 0 0 
   d 14 1 3 0 0 
   d 20 1 3 0 0
 n L_kakato 9
  c tx 2
   d 0 0.019132 3 0 0 
   d 20 0.019132 3 0 0
  c ty 2
   d 0 -0.464835 3 0 0 
   d 20 -0.464835 3 0 0
  c tz 2
   d 0 -0.045616 3 0 0 
   d 20 -0.045616 3 0 0
  c rx 2
   d 0 0 3 0 0 
   d 20 0 3 0 0
  c ry 2
   d 0 0 3 0 0 
   d 20 0 3 0 0
  c rz 2
   d 0 0 3 0 0 
   d 20 0 3 0 0
  c sx 2
   d 0 1 3 0 0 
   d 20 1 3 0 0
  c sy 2
   d 0 1 3 0 0 
   d 20 1 3 0 0
  c sz 2
   d 0 1 3 0 0 
   d 20 1 3 0 0
 n L_asi 9
  c tx 2
   d 0 -0.00056 3 0 0 
   d 20 -0.00056 3 0 0
  c ty 2
   d 0 -0.028484 3 0 0 
   d 20 -0.028484 3 0 0
  c tz 2
   d 0 0.044833 3 0 0 
   d 20 0.044833 3 0 0
  c rx 2
   d 0 -0.415091 3 0 0 
   d 20 -0.415091 3 0 0
  c ry 2
   d 0 0 3 0 0 
   d 20 0 3 0 0
  c rz 2
   d 0 0 3 0 0 
   d 20 0 3 0 0
  c sx 2
   d 0 1 3 0 0 
   d 20 1 3 0 0
  c sy 2
   d 0 1 3 0 0 
   d 20 1 3 0 0
  c sz 2
   d 0 1 3 0 0 
   d 20 1 3 0 0
 n L_tumasaki 9
  c tx 2
   d 0 0 3 0 0 
   d 20 0 3 0 0
  c ty 2
   d 0 -0.00368 3 0 0 
   d 20 -0.00368 3 0 0
  c tz 2
   d 0 0.071897 3 0 0 
   d 20 0.071897 3 0 0
  c rx 2
   d 0 0 3 0 0 
   d 20 0 3 0 0
  c ry 2
   d 0 0 3 0 0 
   d 20 0 3 0 0
  c rz 2
   d 0 0 3 0 0 
   d 20 0 3 0 0
  c sx 2
   d 0 1 3 0 0 
   d 20 1 3 0 0
  c sy 2
   d 0 1 3 0 0 
   d 20 1 3 0 0
  c sz 2
   d 0 1 3 0 0 
   d 20 1 3 0 0
 n kosi 9
  c tx 2
   d 0 0.000108 3 0 0 
   d 20 0.000108 3 0 0
  c ty 2
   d 0 0.150999 3 0 0 
   d 20 0.150999 3 0 0
  c tz 2
   d 0 0.082838 3 0 0 
   d 20 0.082838 3 0 0
  c rx 3
   d 0 0.477276 3 0 0 
   d 14 0.478602 3 0 0 
   d 20 0.478602 3 0 0
  c ry 3
   d 0 0.172153 3 0 0 
   d 14 -0.186288 3 0 0 
   d 20 -0.186288 3 0 0
  c rz 3
   d 0 0.08836 3 0 0 
   d 14 -0.0958 3 0 0 
   d 20 -0.0958 3 0 0
  c sx 2
   d 0 1 3 0 0 
   d 20 1 3 0 0
  c sy 2
   d 0 1 3 0 0 
   d 20 1 3 0 0
  c sz 2
   d 0 1 3 0 0 
   d 20 1 3 0 0
 n mune 9
  c tx 2
   d 0 -0.000108 3 0 0 
   d 20 -0.000108 3 0 0
  c ty 2
   d 0 0.201202 3 0 0 
   d 20 0.201202 3 0 0
  c tz 2
   d 0 -0.055398 3 0 0 
   d 20 -0.055398 3 0 0
  c rx 2
   d 0 -0.009728 3 0 0 
   d 20 -0.009728 3 0 0
  c ry 2
   d 0 0 3 0 0 
   d 20 0 3 0 0
  c rz 2
   d 0 0 3 0 0 
   d 20 0 3 0 0
  c sx 2
   d 0 1 3 0 0 
   d 20 1 3 0 0
  c sy 2
   d 0 1 3 0 0 
   d 20 1 3 0 0
  c sz 2
   d 0 1 3 0 0 
   d 20 1 3 0 0
 n atama 9
  c tx 2
   d 0 0 3 0 0 
   d 20 0 3 0 0
  c ty 2
   d 0 0.091035 3 0 0 
   d 20 0.091035 3 0 0
  c tz 2
   d 0 -0.004004 3 0 0 
   d 20 -0.004004 3 0 0
  c rx 3
   d 0 -0.268677 3 0 0 
   d 14 -0.270399 3 0 0 
   d 20 -0.270399 3 0 0
  c ry 3
   d 0 -0.178227 3 0 0 
   d 14 0.209935 3 0 0 
   d 20 0.209935 3 0 0
  c rz 3
   d 0 0.048774 3 0 0 
   d 14 -0.057701 3 0 0 
   d 20 -0.057701 3 0 0
  c sx 2
   d 0 1 3 0 0 
   d 20 1 3 0 0
  c sy 2
   d 0 1 3 0 0 
   d 20 1 3 0 0
  c sz 2
   d 0 1 3 0 0 
   d 20 1 3 0 0
 n teppenn 9
  c tx 2
   d 0 0 3 0 0 
   d 20 0 3 0 0
  c ty 2
   d 0 0.129941 3 0 0 
   d 20 0.129941 3 0 0
  c tz 2
   d 0 0.000187 3 0 0 
   d 20 0.000187 3 0 0
  c rx 2
   d 0 0 3 0 0 
   d 20 0 3 0 0
  c ry 2
   d 0 0 3 0 0 
   d 20 0 3 0 0
  c rz 2
   d 0 0 3 0 0 
   d 20 0 3 0 0
  c sx 2
   d 0 1 3 0 0 
   d 20 1 3 0 0
  c sy 2
   d 0 1 3 0 0 
   d 20 1 3 0 0
  c sz 2
   d 0 1 3 0 0 
   d 20 1 3 0 0
 n L_kata 9
  c tx 2
   d 0 0.094409 3 0 0 
   d 20 0.094409 3 0 0
  c ty 2
   d 0 -0.008314 3 0 0 
   d 20 -0.008314 3 0 0
  c tz 2
   d 0 0.004858 3 0 0 
   d 20 0.004858 3 0 0
  c rx 2
   d 0 0 3 0 0 
   d 20 0 3 0 0
  c ry 3
   d 0 0.208648 3 0 0 
   d 14 -0.291125 3 0 0 
   d 20 -0.291125 3 0 0
  c rz 2
   d 0 -1.291543 3 0 0 
   d 20 -1.291543 3 0 0
  c sx 2
   d 0 1 3 0 0 
   d 20 1 3 0 0
  c sy 2
   d 0 1 3 0 0 
   d 20 1 3 0 0
  c sz 2
   d 0 1 3 0 0 
   d 20 1 3 0 0
 n L_hizi 9
  c tx 2
   d 0 0.26051 3 0 0 
   d 20 0.26051 3 0 0
  c ty 2
   d 0 0.002615 3 0 0 
   d 20 0.002615 3 0 0
  c tz 2
   d 0 -0.004624 3 0 0 
   d 20 -0.004624 3 0 0
  c rx 2
   d 0 0 3 0 0 
   d 20 0 3 0 0
  c ry 3
   d 0 -0.681605 3 0 0 
   d 14 -1.642924 3 0 0 
   d 20 -1.642924 3 0 0
  c rz 2
   d 0 0 3 0 0 
   d 20 0 3 0 0
  c sx 2
   d 0 1 3 0 0 
   d 20 1 3 0 0
  c sy 2
   d 0 1 3 0 0 
   d 20 1 3 0 0
  c sz 2
   d 0 1 3 0 0 
   d 20 1 3 0 0
 n L_tekubi 9
  c tx 2
   d 0 0.155347 3 0 0 
   d 20 0.155347 3 0 0
  c ty 2
   d 0 0.002773 3 0 0 
   d 20 0.002773 3 0 0
  c tz 2
   d 0 0.000757 3 0 0 
   d 20 0.000757 3 0 0
  c rx 2
   d 0 0 3 0 0 
   d 20 0 3 0 0
  c ry 2
   d 0 0 3 0 0 
   d 20 0 3 0 0
  c rz 2
   d 0 0 3 0 0 
   d 20 0 3 0 0
  c sx 2
   d 0 1 3 0 0 
   d 20 1 3 0 0
  c sy 2
   d 0 1 3 0 0 
   d 20 1 3 0 0
  c sz 2
   d 0 1 3 0 0 
   d 20 1 3 0 0
 n L_tenohira 9
  c tx 2
   d 0 0.028089 3 0 0 
   d 20 0.028089 3 0 0
  c ty 2
   d 0 0.005271 3 0 0 
   d 20 0.005271 3 0 0
  c tz 2
   d 0 -0.002415 3 0 0 
   d 20 -0.002415 3 0 0
  c rx 2
   d 0 0 3 0 0 
   d 20 0 3 0 0
  c ry 2
   d 0 0 3 0 0 
   d 20 0 3 0 0
  c rz 2
   d 0 0 3 0 0 
   d 20 0 3 0 0
  c sx 2
   d 0 1 3 0 0 
   d 20 1 3 0 0
  c sy 2
   d 0 1 3 0 0 
   d 20 1 3 0 0
  c sz 2
   d 0 1 3 0 0 
   d 20 1 3 0 0
 n L_koyubi 9
  c tx 2
   d 0 0.02865 3 0 0 
   d 20 0.02865 3 0 0
  c ty 2
   d 0 0.002957 3 0 0 
   d 20 0.002957 3 0 0
  c tz 2
   d 0 -0.024325 3 0 0 
   d 20 -0.024325 3 0 0
  c rx 2
   d 0 0 3 0 0 
   d 20 0 3 0 0
  c ry 2
   d 0 0 3 0 0 
   d 20 0 3 0 0
  c rz 2
   d 0 0 3 0 0 
   d 20 0 3 0 0
  c sx 2
   d 0 1 3 0 0 
   d 20 1 3 0 0
  c sy 2
   d 0 1 3 0 0 
   d 20 1 3 0 0
  c sz 2
   d 0 1 3 0 0 
   d 20 1 3 0 0
 n L_koyubi2 9
  c tx 2
   d 0 0.02628 3 0 0 
   d 20 0.02628 3 0 0
  c ty 2
   d 0 0.001885 3 0 0 
   d 20 0.001885 3 0 0
  c tz 2
   d 0 -0.000622 3 0 0 
   d 20 -0.000622 3 0 0
  c rx 2
   d 0 0 3 0 0 
   d 20 0 3 0 0
  c ry 2
   d 0 0 3 0 0 
   d 20 0 3 0 0
  c rz 2
   d 0 0 3 0 0 
   d 20 0 3 0 0
  c sx 2
   d 0 1 3 0 0 
   d 20 1 3 0 0
  c sy 2
   d 0 1 3 0 0 
   d 20 1 3 0 0
  c sz 2
   d 0 1 3 0 0 
   d 20 1 3 0 0
 n L_koyubi_3 9
  c tx 2
   d 0 0.018754 3 0 0 
   d 20 0.018754 3 0 0
  c ty 2
   d 0 0 3 0 0 
   d 20 0 3 0 0
  c tz 2
   d 0 0 3 0 0 
   d 20 0 3 0 0
  c rx 2
   d 0 0 3 0 0 
   d 20 0 3 0 0
  c ry 2
   d 0 0 3 0 0 
   d 20 0 3 0 0
  c rz 2
   d 0 0 3 0 0 
   d 20 0 3 0 0
  c sx 2
   d 0 1 3 0 0 
   d 20 1 3 0 0
  c sy 2
   d 0 1 3 0 0 
   d 20 1 3 0 0
  c sz 2
   d 0 1 3 0 0 
   d 20 1 3 0 0
 n L_kusuriyubi 9
  c tx 2
   d 0 0.02865 3 0 0 
   d 20 0.02865 3 0 0
  c ty 2
   d 0 0.002957 3 0 0 
   d 20 0.002957 3 0 0
  c tz 2
   d 0 -0.007529 3 0 0 
   d 20 -0.007529 3 0 0
  c rx 2
   d 0 0 3 0 0 
   d 20 0 3 0 0
  c ry 2
   d 0 0 3 0 0 
   d 20 0 3 0 0
  c rz 2
   d 0 0 3 0 0 
   d 20 0 3 0 0
  c sx 2
   d 0 1 3 0 0 
   d 20 1 3 0 0
  c sy 2
   d 0 1 3 0 0 
   d 20 1 3 0 0
  c sz 2
   d 0 1 3 0 0 
   d 20 1 3 0 0
 n L__kusuriyubi 9
  c tx 2
   d 0 0.036218 3 0 0 
   d 20 0.036218 3 0 0
  c ty 2
   d 0 0.001885 3 0 0 
   d 20 0.001885 3 0 0
  c tz 2
   d 0 0.000534 3 0 0 
   d 20 0.000534 3 0 0
  c rx 2
   d 0 0 3 0 0 
   d 20 0 3 0 0
  c ry 2
   d 0 0 3 0 0 
   d 20 0 3 0 0
  c rz 2
   d 0 0 3 0 0 
   d 20 0 3 0 0
  c sx 2
   d 0 1 3 0 0 
   d 20 1 3 0 0
  c sy 2
   d 0 1 3 0 0 
   d 20 1 3 0 0
  c sz 2
   d 0 1 3 0 0 
   d 20 1 3 0 0
 n Lyubisaki 9
  c tx 2
   d 0 0.018113 3 0 0 
   d 20 0.018113 3 0 0
  c ty 2
   d 0 0 3 0 0 
   d 20 0 3 0 0
  c tz 2
   d 0 0 3 0 0 
   d 20 0 3 0 0
  c rx 2
   d 0 0 3 0 0 
   d 20 0 3 0 0
  c ry 2
   d 0 0 3 0 0 
   d 20 0 3 0 0
  c rz 2
   d 0 0 3 0 0 
   d 20 0 3 0 0
  c sx 2
   d 0 1 3 0 0 
   d 20 1 3 0 0
  c sy 2
   d 0 1 3 0 0 
   d 20 1 3 0 0
  c sz 2
   d 0 1 3 0 0 
   d 20 1 3 0 0
 n Lnakayubi 9
  c tx 2
   d 0 0.02865 3 0 0 
   d 20 0.02865 3 0 0
  c ty 2
   d 0 0.002957 3 0 0 
   d 20 0.002957 3 0 0
  c tz 2
   d 0 0.008334 3 0 0 
   d 20 0.008334 3 0 0
  c rx 2
   d 0 0 3 0 0 
   d 20 0 3 0 0
  c ry 2
   d 0 0 3 0 0 
   d 20 0 3 0 0
  c rz 2
   d 0 0 3 0 0 
   d 20 0 3 0 0
  c sx 2
   d 0 1 3 0 0 
   d 20 1 3 0 0
  c sy 2
   d 0 1 3 0 0 
   d 20 1 3 0 0
  c sz 2
   d 0 1 3 0 0 
   d 20 1 3 0 0
 n L_nakayubi2 9
  c tx 2
   d 0 0.041027 3 0 0 
   d 20 0.041027 3 0 0
  c ty 2
   d 0 0.001885 3 0 0 
   d 20 0.001885 3 0 0
  c tz 2
   d 0 0.000219 3 0 0 
   d 20 0.000219 3 0 0
  c rx 2
   d 0 0 3 0 0 
   d 20 0 3 0 0
  c ry 2
   d 0 0 3 0 0 
   d 20 0 3 0 0
  c rz 2
   d 0 0 3 0 0 
   d 20 0 3 0 0
  c sx 2
   d 0 1 3 0 0 
   d 20 1 3 0 0
  c sy 2
   d 0 1 3 0 0 
   d 20 1 3 0 0
  c sz 2
   d 0 1 3 0 0 
   d 20 1 3 0 0
 n Lnakayubi 9
  c tx 2
   d 0 0.021319 3 0 0 
   d 20 0.021319 3 0 0
  c ty 2
   d 0 0 3 0 0 
   d 20 0 3 0 0
  c tz 2
   d 0 0 3 0 0 
   d 20 0 3 0 0
  c rx 2
   d 0 0 3 0 0 
   d 20 0 3 0 0
  c ry 2
   d 0 0 3 0 0 
   d 20 0 3 0 0
  c rz 2
   d 0 0 3 0 0 
   d 20 0 3 0 0
  c sx 2
   d 0 1 3 0 0 
   d 20 1 3 0 0
  c sy 2
   d 0 1 3 0 0 
   d 20 1 3 0 0
  c sz 2
   d 0 1 3 0 0 
   d 20 1 3 0 0
 n L_hitosasiyubi 9
  c tx 2
   d 0 0.02865 3 0 0 
   d 20 0.02865 3 0 0
  c ty 2
   d 0 0.002957 3 0 0 
   d 20 0.002957 3 0 0
  c tz 2
   d 0 0.023886 3 0 0 
   d 20 0.023886 3 0 0
  c rx 2
   d 0 0 3 0 0 
   d 20 0 3 0 0
  c ry 2
   d 0 0 3 0 0 
   d 20 0 3 0 0
  c rz 2
   d 0 0 3 0 0 
   d 20 0 3 0 0
  c sx 2
   d 0 1 3 0 0 
   d 20 1 3 0 0
  c sy 2
   d 0 1 3 0 0 
   d 20 1 3 0 0
  c sz 2
   d 0 1 3 0 0 
   d 20 1 3 0 0
 n L_hitosasiyubi 9
  c tx 2
   d 0 0.036218 3 0 0 
   d 20 0.036218 3 0 0
  c ty 2
   d 0 0.001885 3 0 0 
   d 20 0.001885 3 0 0
  c tz 2
   d 0 -0.000265 3 0 0 
   d 20 -0.000265 3 0 0
  c rx 2
   d 0 0 3 0 0 
   d 20 0 3 0 0
  c ry 2
   d 0 0 3 0 0 
   d 20 0 3 0 0
  c rz 2
   d 0 0 3 0 0 
   d 20 0 3 0 0
  c sx 2
   d 0 1 3 0 0 
   d 20 1 3 0 0
  c sy 2
   d 0 1 3 0 0 
   d 20 1 3 0 0
  c sz 2
   d 0 1 3 0 0 
   d 20 1 3 0 0
 n L_hitosasiyubi 9
  c tx 2
   d 0 0.019235 3 0 0 
   d 20 0.019235 3 0 0
  c ty 2
   d 0 0 3 0 0 
   d 20 0 3 0 0
  c tz 2
   d 0 0 3 0 0 
   d 20 0 3 0 0
  c rx 2
   d 0 0 3 0 0 
   d 20 0 3 0 0
  c ry 2
   d 0 0 3 0 0 
   d 20 0 3 0 0
  c rz 2
   d 0 0 3 0 0 
   d 20 0 3 0 0
  c sx 2
   d 0 1 3 0 0 
   d 20 1 3 0 0
  c sy 2
   d 0 1 3 0 0 
   d 20 1 3 0 0
  c sz 2
   d 0 1 3 0 0 
   d 20 1 3 0 0
 n L_oyayubi 9
  c tx 2
   d 0 0.003742 3 0 0 
   d 20 0.003742 3 0 0
  c ty 2
   d 0 -0.007722 3 0 0 
   d 20 -0.007722 3 0 0
  c tz 2
   d 0 0.031351 3 0 0 
   d 20 0.031351 3 0 0
  c rx 2
   d 0 0 3 0 0 
   d 20 0 3 0 0
  c ry 2
   d 0 0 3 0 0 
   d 20 0 3 0 0
  c rz 2
   d 0 0 3 0 0 
   d 20 0 3 0 0
  c sx 2
   d 0 1 3 0 0 
   d 20 1 3 0 0
  c sy 2
   d 0 1 3 0 0 
   d 20 1 3 0 0
  c sz 2
   d 0 1 3 0 0 
   d 20 1 3 0 0
 n L_oayubi2 9
  c tx 2
   d 0 0.017046 3 0 0 
   d 20 0.017046 3 0 0
  c ty 2
   d 0 0.009267 3 0 0 
   d 20 0.009267 3 0 0
  c tz 2
   d 0 0.012073 3 0 0 
   d 20 0.012073 3 0 0
  c rx 2
   d 0 0 3 0 0 
   d 20 0 3 0 0
  c ry 2
   d 0 0 3 0 0 
   d 20 0 3 0 0
  c rz 2
   d 0 0 3 0 0 
   d 20 0 3 0 0
  c sx 2
   d 0 1 3 0 0 
   d 20 1 3 0 0
  c sy 2
   d 0 1 3 0 0 
   d 20 1 3 0 0
  c sz 2
   d 0 1 3 0 0 
   d 20 1 3 0 0
 n L_oyayubi3 9
  c tx 2
   d 0 0.021648 3 0 0 
   d 20 0.021648 3 0 0
  c ty 2
   d 0 0 3 0 0 
   d 20 0 3 0 0
  c tz 2
   d 0 0 3 0 0 
   d 20 0 3 0 0
  c rx 2
   d 0 0 3 0 0 
   d 20 0 3 0 0
  c ry 2
   d 0 0 3 0 0 
   d 20 0 3 0 0
  c rz 2
   d 0 0 3 0 0 
   d 20 0 3 0 0
  c sx 2
   d 0 1 3 0 0 
   d 20 1 3 0 0
  c sy 2
   d 0 1 3 0 0 
   d 20 1 3 0 0
  c sz 2
   d 0 1 3 0 0 
   d 20 1 3 0 0
 n L_buki 9
  c tx 2
   d 0 0.000012 3 0 0 
   d 20 0.000012 3 0 0
  c ty 2
   d 0 -0.061796 3 0 0 
   d 20 -0.061796 3 0 0
  c tz 2
   d 0 0.000059 3 0 0 
   d 20 0.000059 3 0 0
  c rx 2
   d 0 0 3 0 0 
   d 20 0 3 0 0
  c ry 2
   d 0 0 3 0 0 
   d 20 0 3 0 0
  c rz 2
   d 0 0 3 0 0 
   d 20 0 3 0 0
  c sx 2
   d 0 1 3 0 0 
   d 20 1 3 0 0
  c sy 2
   d 0 1 3 0 0 
   d 20 1 3 0 0
  c sz 2
   d 0 1 3 0 0 
   d 20 1 3 0 0
 n R_kata 9
  c tx 2
   d 0 -0.094409 3 0 0 
   d 20 -0.094409 3 0 0
  c ty 2
   d 0 -0.008314 3 0 0 
   d 20 -0.008314 3 0 0
  c tz 2
   d 0 0.004858 3 0 0 
   d 20 0.004858 3 0 0
  c rx 2
   d 0 -0 3 0 0 
   d 20 -0 3 0 0
  c ry 3
   d 0 1.027586 3 0 0 
   d 14 -0.564483 3 0 0 
   d 20 -0.564483 3 0 0
  c rz 2
   d 0 1.291543 3 0 0 
   d 20 1.291543 3 0 0
  c sx 2
   d 0 1 3 0 0 
   d 20 1 3 0 0
  c sy 2
   d 0 1 3 0 0 
   d 20 1 3 0 0
  c sz 2
   d 0 1 3 0 0 
   d 20 1 3 0 0
 n R_hizi 9
  c tx 2
   d 0 -0.26051 3 0 0 
   d 20 -0.26051 3 0 0
  c ty 2
   d 0 0.00262 3 0 0 
   d 20 0.00262 3 0 0
  c tz 2
   d 0 -0.004624 3 0 0 
   d 20 -0.004624 3 0 0
  c rx 3
   d 0 1.086863 3 0 0 
   d 14 1.820739 3 0 0 
   d 20 1.820739 3 0 0
  c ry 3
   d 0 1.203384 3 0 0 
   d 14 1.519702 3 0 0 
   d 20 1.519702 3 0 0
  c rz 3
   d 0 0.661371 3 0 0 
   d 14 1.588191 3 0 0 
   d 20 1.588191 3 0 0
  c sx 2
   d 0 1 3 0 0 
   d 20 1 3 0 0
  c sy 2
   d 0 1 3 0 0 
   d 20 1 3 0 0
  c sz 2
   d 0 1 3 0 0 
   d 20 1 3 0 0
 n R_tekubi_ 9
  c tx 2
   d 0 -0.155347 3 0 0 
   d 20 -0.155347 3 0 0
  c ty 2
   d 0 0.00277 3 0 0 
   d 20 0.00277 3 0 0
  c tz 2
   d 0 0.000757 3 0 0 
   d 20 0.000757 3 0 0
  c rx 2
   d 0 0 3 0 0 
   d 20 0 3 0 0
  c ry 2
   d 0 0 3 0 0 
   d 20 0 3 0 0
  c rz 2
   d 0 0 3 0 0 
   d 20 0 3 0 0
  c sx 2
   d 0 1 3 0 0 
   d 20 1 3 0 0
  c sy 2
   d 0 1 3 0 0 
   d 20 1 3 0 0
  c sz 2
   d 0 1 3 0 0 
   d 20 1 3 0 0
 n R_tenohira 9
  c tx 2
   d 0 -0.028089 3 0 0 
   d 20 -0.028089 3 0 0
  c ty 2
   d 0 0.00527 3 0 0 
   d 20 0.00527 3 0 0
  c tz 2
   d 0 -0.002415 3 0 0 
   d 20 -0.002415 3 0 0
  c rx 2
   d 0 0 3 0 0 
   d 20 0 3 0 0
  c ry 2
   d 0 0 3 0 0 
   d 20 0 3 0 0
  c rz 2
   d 0 0 3 0 0 
   d 20 0 3 0 0
  c sx 2
   d 0 1 3 0 0 
   d 20 1 3 0 0
  c sy 2
   d 0 1 3 0 0 
   d 20 1 3 0 0
  c sz 2
   d 0 1 3 0 0 
   d 20 1 3 0 0
 n R_koyubi 9
  c tx 2
   d 0 -0.02865 3 0 0 
   d 20 -0.02865 3 0 0
  c ty 2
   d 0 0.00296 3 0 0 
   d 20 0.00296 3 0 0
  c tz 2
   d 0 -0.024325 3 0 0 
   d 20 -0.024325 3 0 0
  c rx 2
   d 0 0 3 0 0 
   d 20 0 3 0 0
  c ry 2
   d 0 0 3 0 0 
   d 20 0 3 0 0
  c rz 2
   d 0 0 3 0 0 
   d 20 0 3 0 0
  c sx 2
   d 0 1 3 0 0 
   d 20 1 3 0 0
  c sy 2
   d 0 1 3 0 0 
   d 20 1 3 0 0
  c sz 2
   d 0 1 3 0 0 
   d 20 1 3 0 0
 n R_koyubi2 9
  c tx 2
   d 0 -0.02628 3 0 0 
   d 20 -0.02628 3 0 0
  c ty 2
   d 0 0.00188 3 0 0 
   d 20 0.00188 3 0 0
  c tz 2
   d 0 -0.000622 3 0 0 
   d 20 -0.000622 3 0 0
  c rx 2
   d 0 0 3 0 0 
   d 20 0 3 0 0
  c ry 2
   d 0 0 3 0 0 
   d 20 0 3 0 0
  c rz 2
   d 0 0 3 0 0 
   d 20 0 3 0 0
  c sx 2
   d 0 1 3 0 0 
   d 20 1 3 0 0
  c sy 2
   d 0 1 3 0 0 
   d 20 1 3 0 0
  c sz 2
   d 0 1 3 0 0 
   d 20 1 3 0 0
 n R_koyubi 9
  c tx 2
   d 0 -0.018754 3 0 0 
   d 20 -0.018754 3 0 0
  c ty 2
   d 0 0 3 0 0 
   d 20 0 3 0 0
  c tz 2
   d 0 0 3 0 0 
   d 20 0 3 0 0
  c rx 2
   d 0 0 3 0 0 
   d 20 0 3 0 0
  c ry 2
   d 0 0 3 0 0 
   d 20 0 3 0 0
  c rz 2
   d 0 0 3 0 0 
   d 20 0 3 0 0
  c sx 2
   d 0 1 3 0 0 
   d 20 1 3 0 0
  c sy 2
   d 0 1 3 0 0 
   d 20 1 3 0 0
  c sz 2
   d 0 1 3 0 0 
   d 20 1 3 0 0
 n R_nakayubi 9
  c tx 2
   d 0 -0.02865 3 0 0 
   d 20 -0.02865 3 0 0
  c ty 2
   d 0 0.00296 3 0 0 
   d 20 0.00296 3 0 0
  c tz 2
   d 0 -0.007529 3 0 0 
   d 20 -0.007529 3 0 0
  c rx 2
   d 0 0 3 0 0 
   d 20 0 3 0 0
  c ry 2
   d 0 0 3 0 0 
   d 20 0 3 0 0
  c rz 2
   d 0 0 3 0 0 
   d 20 0 3 0 0
  c sx 2
   d 0 1 3 0 0 
   d 20 1 3 0 0
  c sy 2
   d 0 1 3 0 0 
   d 20 1 3 0 0
  c sz 2
   d 0 1 3 0 0 
   d 20 1 3 0 0
 n R_nakayubi2 9
  c tx 2
   d 0 -0.036218 3 0 0 
   d 20 -0.036218 3 0 0
  c ty 2
   d 0 0.00188 3 0 0 
   d 20 0.00188 3 0 0
  c tz 2
   d 0 0.000534 3 0 0 
   d 20 0.000534 3 0 0
  c rx 2
   d 0 0 3 0 0 
   d 20 0 3 0 0
  c ry 2
   d 0 0 3 0 0 
   d 20 0 3 0 0
  c rz 2
   d 0 0 3 0 0 
   d 20 0 3 0 0
  c sx 2
   d 0 1 3 0 0 
   d 20 1 3 0 0
  c sy 2
   d 0 1 3 0 0 
   d 20 1 3 0 0
  c sz 2
   d 0 1 3 0 0 
   d 20 1 3 0 0
 n R_nakayubi_3 9
  c tx 2
   d 0 -0.018113 3 0 0 
   d 20 -0.018113 3 0 0
  c ty 2
   d 0 0 3 0 0 
   d 20 0 3 0 0
  c tz 2
   d 0 0 3 0 0 
   d 20 0 3 0 0
  c rx 2
   d 0 0 3 0 0 
   d 20 0 3 0 0
  c ry 2
   d 0 0 3 0 0 
   d 20 0 3 0 0
  c rz 2
   d 0 0 3 0 0 
   d 20 0 3 0 0
  c sx 2
   d 0 1 3 0 0 
   d 20 1 3 0 0
  c sy 2
   d 0 1 3 0 0 
   d 20 1 3 0 0
  c sz 2
   d 0 1 3 0 0 
   d 20 1 3 0 0
 n R_nakayubi3 9
  c tx 2
   d 0 -0.02865 3 0 0 
   d 20 -0.02865 3 0 0
  c ty 2
   d 0 0.00296 3 0 0 
   d 20 0.00296 3 0 0
  c tz 2
   d 0 0.008334 3 0 0 
   d 20 0.008334 3 0 0
  c rx 2
   d 0 0 3 0 0 
   d 20 0 3 0 0
  c ry 2
   d 0 0 3 0 0 
   d 20 0 3 0 0
  c rz 2
   d 0 0 3 0 0 
   d 20 0 3 0 0
  c sx 2
   d 0 1 3 0 0 
   d 20 1 3 0 0
  c sy 2
   d 0 1 3 0 0 
   d 20 1 3 0 0
  c sz 2
   d 0 1 3 0 0 
   d 20 1 3 0 0
 n R_nakayubi2 9
  c tx 2
   d 0 -0.041027 3 0 0 
   d 20 -0.041027 3 0 0
  c ty 2
   d 0 0.00188 3 0 0 
   d 20 0.00188 3 0 0
  c tz 2
   d 0 0.000219 3 0 0 
   d 20 0.000219 3 0 0
  c rx 2
   d 0 0 3 0 0 
   d 20 0 3 0 0
  c ry 2
   d 0 0 3 0 0 
   d 20 0 3 0 0
  c rz 2
   d 0 0 3 0 0 
   d 20 0 3 0 0
  c sx 2
   d 0 1 3 0 0 
   d 20 1 3 0 0
  c sy 2
   d 0 1 3 0 0 
   d 20 1 3 0 0
  c sz 2
   d 0 1 3 0 0 
   d 20 1 3 0 0
 n R_nakayubi3 9
  c tx 2
   d 0 -0.021319 3 0 0 
   d 20 -0.021319 3 0 0
  c ty 2
   d 0 0 3 0 0 
   d 20 0 3 0 0
  c tz 2
   d 0 0 3 0 0 
   d 20 0 3 0 0
  c rx 2
   d 0 0 3 0 0 
   d 20 0 3 0 0
  c ry 2
   d 0 0 3 0 0 
   d 20 0 3 0 0
  c rz 2
   d 0 0 3 0 0 
   d 20 0 3 0 0
  c sx 2
   d 0 1 3 0 0 
   d 20 1 3 0 0
  c sy 2
   d 0 1 3 0 0 
   d 20 1 3 0 0
  c sz 2
   d 0 1 3 0 0 
   d 20 1 3 0 0
 n R_hitosasiyubi 9
  c tx 2
   d 0 -0.02865 3 0 0 
   d 20 -0.02865 3 0 0
  c ty 2
   d 0 0.00296 3 0 0 
   d 20 0.00296 3 0 0
  c tz 2
   d 0 0.023886 3 0 0 
   d 20 0.023886 3 0 0
  c rx 2
   d 0 0 3 0 0 
   d 20 0 3 0 0
  c ry 2
   d 0 0 3 0 0 
   d 20 0 3 0 0
  c rz 2
   d 0 0 3 0 0 
   d 20 0 3 0 0
  c sx 2
   d 0 1 3 0 0 
   d 20 1 3 0 0
  c sy 2
   d 0 1 3 0 0 
   d 20 1 3 0 0
  c sz 2
   d 0 1 3 0 0 
   d 20 1 3 0 0
 n R_hitosasiyubi2 9
  c tx 2
   d 0 -0.036218 3 0 0 
   d 20 -0.036218 3 0 0
  c ty 2
   d 0 0.00188 3 0 0 
   d 20 0.00188 3 0 0
  c tz 2
   d 0 -0.000265 3 0 0 
   d 20 -0.000265 3 0 0
  c rx 2
   d 0 0 3 0 0 
   d 20 0 3 0 0
  c ry 2
   d 0 0 3 0 0 
   d 20 0 3 0 0
  c rz 2
   d 0 0 3 0 0 
   d 20 0 3 0 0
  c sx 2
   d 0 1 3 0 0 
   d 20 1 3 0 0
  c sy 2
   d 0 1 3 0 0 
   d 20 1 3 0 0
  c sz 2
   d 0 1 3 0 0 
   d 20 1 3 0 0
 n R_hitosasiyubi3 9
  c tx 2
   d 0 -0.019235 3 0 0 
   d 20 -0.019235 3 0 0
  c ty 2
   d 0 0 3 0 0 
   d 20 0 3 0 0
  c tz 2
   d 0 0 3 0 0 
   d 20 0 3 0 0
  c rx 2
   d 0 0 3 0 0 
   d 20 0 3 0 0
  c ry 2
   d 0 0 3 0 0 
   d 20 0 3 0 0
  c rz 2
   d 0 0 3 0 0 
   d 20 0 3 0 0
  c sx 2
   d 0 1 3 0 0 
   d 20 1 3 0 0
  c sy 2
   d 0 1 3 0 0 
   d 20 1 3 0 0
  c sz 2
   d 0 1 3 0 0 
   d 20 1 3 0 0
 n R_oyayubi 9
  c tx 2
   d 0 -0.003742 3 0 0 
   d 20 -0.003742 3 0 0
  c ty 2
   d 0 -0.00772 3 0 0 
   d 20 -0.00772 3 0 0
  c tz 2
   d 0 0.031351 3 0 0 
   d 20 0.031351 3 0 0
  c rx 2
   d 0 0 3 0 0 
   d 20 0 3 0 0
  c ry 2
   d 0 0 3 0 0 
   d 20 0 3 0 0
  c rz 2
   d 0 0 3 0 0 
   d 20 0 3 0 0
  c sx 2
   d 0 1 3 0 0 
   d 20 1 3 0 0
  c sy 2
   d 0 1 3 0 0 
   d 20 1 3 0 0
  c sz 2
   d 0 1 3 0 0 
   d 20 1 3 0 0
 n R_oyayubi2 9
  c tx 2
   d 0 -0.017046 3 0 0 
   d 20 -0.017046 3 0 0
  c ty 2
   d 0 0.00926 3 0 0 
   d 20 0.00926 3 0 0
  c tz 2
   d 0 0.012073 3 0 0 
   d 20 0.012073 3 0 0
  c rx 2
   d 0 0 3 0 0 
   d 20 0 3 0 0
  c ry 2
   d 0 0 3 0 0 
   d 20 0 3 0 0
  c rz 2
   d 0 0 3 0 0 
   d 20 0 3 0 0
  c sx 2
   d 0 1 3 0 0 
   d 20 1 3 0 0
  c sy 2
   d 0 1 3 0 0 
   d 20 1 3 0 0
  c sz 2
   d 0 1 3 0 0 
   d 20 1 3 0 0
 n R_oyayubi3 9
  c tx 2
   d 0 -0.021648 3 0 0 
   d 20 -0.021648 3 0 0
  c ty 2
   d 0 0 3 0 0 
   d 20 0 3 0 0
  c tz 2
   d 0 0 3 0 0 
   d 20 0 3 0 0
  c rx 2
   d 0 0 3 0 0 
   d 20 0 3 0 0
  c ry 2
   d 0 0 3 0 0 
   d 20 0 3 0 0
  c rz 2
   d 0 0 3 0 0 
   d 20 0 3 0 0
  c sx 2
   d 0 1 3 0 0 
   d 20 1 3 0 0
  c sy 2
   d 0 1 3 0 0 
   d 20 1 3 0 0
  c sz 2
   d 0 1 3 0 0 
   d 20 1 3 0 0
 n R_buki 9
  c tx 2
   d 0 -0.000013 3 0 0 
   d 20 -0.000013 3 0 0
  c ty 2
   d 0 -0.0618 3 0 0 
   d 20 -0.0618 3 0 0
  c tz 2
   d 0 0.000059 3 0 0 
   d 20 0.000059 3 0 0
  c rx 2
   d 0 0 3 0 0 
   d 20 0 3 0 0
  c ry 2
   d 0 0 3 0 0 
   d 20 0 3 0 0
  c rz 2
   d 0 0 3 0 0 
   d 20 0 3 0 0
  c sx 2
   d 0 1 3 0 0 
   d 20 1 3 0 0
  c sy 2
   d 0 1 3 0 0 
   d 20 1 3 0 0
  c sz 2
   d 0 1 3 0 0 
   d 20 1 3 0 0
 n R_momo 9
  c tx 3
   d 0 -0.069899 3 0 0 
   d 14 -0.07 3 0 0 
   d 20 -0.07 3 0 0
  c ty 3
   d 0 -0.068772 3 0 0 
   d 14 -0.068772 3 0 0 
   d 20 -0.068772 3 0 0
  c tz 3
   d 0 -0.005262 3 0 0 
   d 14 -0.005262 3 0 0 
   d 20 -0.005262 3 0 0
  c rx 3
   d 0 -0.951507 3 0 0 
   d 14 0.447785 3 0 0 
   d 20 0.447785 3 0 0
  c ry 3
   d 0 -0.049754 3 0 0 
   d 14 0 3 0 0 
   d 20 0 3 0 0
  c rz 3
   d 0 -0.086451 3 0 0 
   d 14 0 3 0 0 
   d 20 0 3 0 0
  c sx 3
   d 0 1 3 0 0 
   d 14 1 3 0 0 
   d 20 1 3 0 0
  c sy 3
   d 0 1 3 0 0 
   d 14 1 3 0 0 
   d 20 1 3 0 0
  c sz 3
   d 0 1 3 0 0 
   d 14 1 3 0 0 
   d 20 1 3 0 0
 n R_hiza 9
  c tx 3
   d 0 0.020271 3 0 0 
   d 14 0.02 3 0 0 
   d 20 0.02 3 0 0
  c ty 3
   d 0 -0.331292 3 0 0 
   d 14 -0.331292 3 0 0 
   d 20 -0.331292 3 0 0
  c tz 3
   d 0 0.00697 3 0 0 
   d 14 0.00697 3 0 0 
   d 20 0.00697 3 0 0
  c rx 3
   d 0 0.91661 3 0 0 
   d 14 0.330354 3 0 0 
   d 20 0.330354 3 0 0
  c ry 3
   d 0 0 3 0 0 
   d 14 0 3 0 0 
   d 20 0 3 0 0
  c rz 3
   d 0 0 3 0 0 
   d 14 0 3 0 0 
   d 20 0 3 0 0
  c sx 3
   d 0 1 3 0 0 
   d 14 1 3 0 0 
   d 20 1 3 0 0
  c sy 3
   d 0 1 3 0 0 
   d 14 1 3 0 0 
   d 20 1 3 0 0
  c sz 3
   d 0 1 3 0 0 
   d 14 1 3 0 0 
   d 20 1 3 0 0
 n R_asikubi 9
  c tx 2
   d 0 -0.019132 3 0 0 
   d 20 -0.019132 3 0 0
  c ty 2
   d 0 -0.464835 3 0 0 
   d 20 -0.464835 3 0 0
  c tz 2
   d 0 -0.045616 3 0 0 
   d 20 -0.045616 3 0 0
  c rx 2
   d 0 0 3 0 0 
   d 20 0 3 0 0
  c ry 2
   d 0 0 3 0 0 
   d 20 0 3 0 0
  c rz 2
   d 0 0 3 0 0 
   d 20 0 3 0 0
  c sx 2
   d 0 1 3 0 0 
   d 20 1 3 0 0
  c sy 2
   d 0 1 3 0 0 
   d 20 1 3 0 0
  c sz 2
   d 0 1 3 0 0 
   d 20 1 3 0 0
 n R_asi 9
  c tx 2
   d 0 -0.000569 3 0 0 
   d 20 -0.000569 3 0 0
  c ty 2
   d 0 -0.030102 3 0 0 
   d 20 -0.030102 3 0 0
  c tz 2
   d 0 0.043676 3 0 0 
   d 20 0.043676 3 0 0
  c rx 2
   d 0 0.080064 3 0 0 
   d 20 0.080064 3 0 0
  c ry 2
   d 0 0 3 0 0 
   d 20 0 3 0 0
  c rz 2
   d 0 0 3 0 0 
   d 20 0 3 0 0
  c sx 2
   d 0 1 3 0 0 
   d 20 1 3 0 0
  c sy 2
   d 0 1 3 0 0 
   d 20 1 3 0 0
  c sz 2
   d 0 1 3 0 0 
   d 20 1 3 0 0
 n R_asisaki 9
  c tx 2
   d 0 0 3 0 0 
   d 20 0 3 0 0
  c ty 2
   d 0 -0.00368 3 0 0 
   d 20 -0.00368 3 0 0
  c tz 2
   d 0 0.071898 3 0 0 
   d 20 0.071898 3 0 0
  c rx 2
   d 0 0 3 0 0 
   d 20 0 3 0 0
  c ry 2
   d 0 0 3 0 0 
   d 20 0 3 0 0
  c rz 2
   d 0 0 3 0 0 
   d 20 0 3 0 0
  c sx 2
   d 0 1 3 0 0 
   d 20 1 3 0 0
  c sy 2
   d 0 1 3 0 0 
   d 20 1 3 0 0
  c sz 2
   d 0 1 3 0 0 
   d 20 1 3 0 0
 n ponite1 0
 n kami2 0
 n suka_to3 0
 n pCube8 0
 n pCube21 0
 n kutuR2 0
 n pCube23 0
 n kutuR3 0
 n polySurface6 0
 n pCube32 0
 n pCube36 0
 n pCube4 0
 n pCube37 0
}
