a Medama_down 14
{
 n RootNode 0
 n back 0
 n honntai 0
 n tubasa3 0
 n joint1 9
  c tx 3
   d 0 -0.008881 3 0 0 
   d 1 -0.008881 3 0 0 
   d 30 -0.008881 3 0 0
  c ty 4
   d 0 0.266583 3 0 0 
   d 1 0.386018 3 0 0 
   d 15 0.080385 3 0 0 
   d 30 0.080385 3 0 0
  c tz 3
   d 0 -0.023597 3 0 0 
   d 1 -0.023597 3 0 0 
   d 30 -0.023597 3 0 0
  c rx 4
   d 0 0 3 0 0 
   d 1 0 3 0 0 
   d 15 -0.277803 3 0 0 
   d 30 -0.277803 3 0 0
  c ry 3
   d 0 0 3 0 0 
   d 1 0 3 0 0 
   d 30 0 3 0 0
  c rz 3
   d 0 0 3 0 0 
   d 1 0 3 0 0 
   d 30 0 3 0 0
  c sx 3
   d 0 1 3 0 0 
   d 1 1 3 0 0 
   d 30 1 3 0 0
  c sy 3
   d 0 1 3 0 0 
   d 1 1 3 0 0 
   d 30 1 3 0 0
  c sz 3
   d 0 1 3 0 0 
   d 1 1 3 0 0 
   d 30 1 3 0 0
 n joint2 9
  c tx 3
   d 0 0 3 0 0 
   d 1 0 3 0 0 
   d 30 0 3 0 0
  c ty 3
   d 0 0.206272 3 0 0 
   d 1 0.206272 3 0 0 
   d 30 0.206272 3 0 0
  c tz 3
   d 0 0.015867 3 0 0 
   d 1 0.015867 3 0 0 
   d 30 0.015867 3 0 0
  c rx 3
   d 0 0 3 0 0 
   d 1 0 3 0 0 
   d 30 0 3 0 0
  c ry 3
   d 0 0 3 0 0 
   d 1 0 3 0 0 
   d 30 0 3 0 0
  c rz 3
   d 0 0 3 0 0 
   d 1 0 3 0 0 
   d 30 0 3 0 0
  c sx 3
   d 0 1 3 0 0 
   d 1 1 3 0 0 
   d 30 1 3 0 0
  c sy 3
   d 0 1 3 0 0 
   d 1 1 3 0 0 
   d 30 1 3 0 0
  c sz 3
   d 0 1 3 0 0 
   d 1 1 3 0 0 
   d 30 1 3 0 0
 n L_kata 9
  c tx 3
   d 0 0.334109 3 0 0 
   d 1 0.334109 3 0 0 
   d 30 0.334109 3 0 0
  c ty 3
   d 0 0.170478 3 0 0 
   d 1 0.170478 3 0 0 
   d 30 0.170478 3 0 0
  c tz 3
   d 0 0 3 0 0 
   d 1 0 3 0 0 
   d 30 0 3 0 0
  c rx 4
   d 0 0 3 0 0 
   d 1 0 3 0 0 
   d 15 -0.318184 3 0 0 
   d 30 -0.318184 3 0 0
  c ry 4
   d 0 0 3 0 0 
   d 1 0 3 0 0 
   d 15 1.086505 3 0 0 
   d 30 1.086505 3 0 0
  c rz 4
   d 0 0 3 0 0 
   d 1 0 3 0 0 
   d 15 -0.35629 3 0 0 
   d 30 -0.35629 3 0 0
  c sx 3
   d 0 1 3 0 0 
   d 1 1 3 0 0 
   d 30 1 3 0 0
  c sy 3
   d 0 1 3 0 0 
   d 1 1 3 0 0 
   d 30 1 3 0 0
  c sz 3
   d 0 1 3 0 0 
   d 1 1 3 0 0 
   d 30 1 3 0 0
 n L_kata2 9
  c tx 3
   d 0 0.168503 3 0 0 
   d 1 0.168503 3 0 0 
   d 30 0.168503 3 0 0
  c ty 3
   d 0 0 3 0 0 
   d 1 0 3 0 0 
   d 30 0 3 0 0
  c tz 3
   d 0 -0.011386 3 0 0 
   d 1 -0.011386 3 0 0 
   d 30 -0.011386 3 0 0
  c rx 3
   d 0 0 3 0 0 
   d 1 0 3 0 0 
   d 30 0 3 0 0
  c ry 3
   d 0 0 3 0 0 
   d 1 0 3 0 0 
   d 30 0 3 0 0
  c rz 3
   d 0 0 3 0 0 
   d 1 0 3 0 0 
   d 30 0 3 0 0
  c sx 3
   d 0 1 3 0 0 
   d 1 1 3 0 0 
   d 30 1 3 0 0
  c sy 3
   d 0 1 3 0 0 
   d 1 1 3 0 0 
   d 30 1 3 0 0
  c sz 3
   d 0 1 3 0 0 
   d 1 1 3 0 0 
   d 30 1 3 0 0
 n L_hizi 9
  c tx 3
   d 0 0.165874 3 0 0 
   d 1 0.165874 3 0 0 
   d 30 0.165874 3 0 0
  c ty 3
   d 0 0 3 0 0 
   d 1 0 3 0 0 
   d 30 0 3 0 0
  c tz 3
   d 0 -0.036285 3 0 0 
   d 1 -0.036285 3 0 0 
   d 30 -0.036285 3 0 0
  c rx 3
   d 0 0 3 0 0 
   d 1 0 3 0 0 
   d 30 0 3 0 0
  c ry 3
   d 0 0 3 0 0 
   d 1 0 3 0 0 
   d 30 0 3 0 0
  c rz 3
   d 0 0 3 0 0 
   d 1 0 3 0 0 
   d 30 0 3 0 0
  c sx 3
   d 0 1 3 0 0 
   d 1 1 3 0 0 
   d 30 1 3 0 0
  c sy 3
   d 0 1 3 0 0 
   d 1 1 3 0 0 
   d 30 1 3 0 0
  c sz 3
   d 0 1 3 0 0 
   d 1 1 3 0 0 
   d 30 1 3 0 0
 n L_saki 9
  c tx 3
   d 0 0.231965 3 0 0 
   d 1 0.231965 3 0 0 
   d 30 0.231965 3 0 0
  c ty 3
   d 0 -0 3 0 0 
   d 1 -0 3 0 0 
   d 30 -0 3 0 0
  c tz 3
   d 0 0.014255 3 0 0 
   d 1 0.014255 3 0 0 
   d 30 0.014255 3 0 0
  c rx 3
   d 0 0 3 0 0 
   d 1 0 3 0 0 
   d 30 0 3 0 0
  c ry 3
   d 0 0 3 0 0 
   d 1 0 3 0 0 
   d 30 0 3 0 0
  c rz 3
   d 0 0 3 0 0 
   d 1 0 3 0 0 
   d 30 0 3 0 0
  c sx 3
   d 0 1 3 0 0 
   d 1 1 3 0 0 
   d 30 1 3 0 0
  c sy 3
   d 0 1 3 0 0 
   d 1 1 3 0 0 
   d 30 1 3 0 0
  c sz 3
   d 0 1 3 0 0 
   d 1 1 3 0 0 
   d 30 1 3 0 0
 n R_kata 9
  c tx 3
   d 0 -0.334109 3 0 0 
   d 1 -0.334109 3 0 0 
   d 30 -0.334109 3 0 0
  c ty 3
   d 0 0.170478 3 0 0 
   d 1 0.170478 3 0 0 
   d 30 0.170478 3 0 0
  c tz 3
   d 0 0 3 0 0 
   d 1 0 3 0 0 
   d 30 0 3 0 0
  c rx 4
   d 0 0 3 0 0 
   d 1 0 3 0 0 
   d 15 -0.40879 3 0 0 
   d 30 -0.40879 3 0 0
  c ry 4
   d 0 0 3 0 0 
   d 1 0 3 0 0 
   d 15 -0.66574 3 0 0 
   d 30 -0.66574 3 0 0
  c rz 4
   d 0 0 3 0 0 
   d 1 0 3 0 0 
   d 15 0.611643 3 0 0 
   d 30 0.611643 3 0 0
  c sx 3
   d 0 1 3 0 0 
   d 1 1 3 0 0 
   d 30 1 3 0 0
  c sy 3
   d 0 1 3 0 0 
   d 1 1 3 0 0 
   d 30 1 3 0 0
  c sz 3
   d 0 1 3 0 0 
   d 1 1 3 0 0 
   d 30 1 3 0 0
 n R_lata2 9
  c tx 3
   d 0 -0.168502 3 0 0 
   d 1 -0.168502 3 0 0 
   d 30 -0.168502 3 0 0
  c ty 3
   d 0 0 3 0 0 
   d 1 0 3 0 0 
   d 30 0 3 0 0
  c tz 3
   d 0 -0.011385 3 0 0 
   d 1 -0.011385 3 0 0 
   d 30 -0.011385 3 0 0
  c rx 3
   d 0 0 3 0 0 
   d 1 0 3 0 0 
   d 30 0 3 0 0
  c ry 3
   d 0 0 3 0 0 
   d 1 0 3 0 0 
   d 30 0 3 0 0
  c rz 3
   d 0 0 3 0 0 
   d 1 0 3 0 0 
   d 30 0 3 0 0
  c sx 3
   d 0 1 3 0 0 
   d 1 1 3 0 0 
   d 30 1 3 0 0
  c sy 3
   d 0 1 3 0 0 
   d 1 1 3 0 0 
   d 30 1 3 0 0
  c sz 3
   d 0 1 3 0 0 
   d 1 1 3 0 0 
   d 30 1 3 0 0
 n R_hizi 9
  c tx 3
   d 0 -0.165874 3 0 0 
   d 1 -0.165874 3 0 0 
   d 30 -0.165874 3 0 0
  c ty 3
   d 0 0 3 0 0 
   d 1 0 3 0 0 
   d 30 0 3 0 0
  c tz 3
   d 0 -0.036285 3 0 0 
   d 1 -0.036285 3 0 0 
   d 30 -0.036285 3 0 0
  c rx 3
   d 0 0 3 0 0 
   d 1 0 3 0 0 
   d 30 0 3 0 0
  c ry 3
   d 0 0 3 0 0 
   d 1 0 3 0 0 
   d 30 0 3 0 0
  c rz 3
   d 0 0 3 0 0 
   d 1 0 3 0 0 
   d 30 0 3 0 0
  c sx 3
   d 0 1 3 0 0 
   d 1 1 3 0 0 
   d 30 1 3 0 0
  c sy 3
   d 0 1 3 0 0 
   d 1 1 3 0 0 
   d 30 1 3 0 0
  c sz 3
   d 0 1 3 0 0 
   d 1 1 3 0 0 
   d 30 1 3 0 0
 n R_saki 9
  c tx 3
   d 0 -0.231965 3 0 0 
   d 1 -0.231965 3 0 0 
   d 30 -0.231965 3 0 0
  c ty 3
   d 0 0 3 0 0 
   d 1 0 3 0 0 
   d 30 0 3 0 0
  c tz 3
   d 0 0.014255 3 0 0 
   d 1 0.014255 3 0 0 
   d 30 0.014255 3 0 0
  c rx 3
   d 0 0 3 0 0 
   d 1 0 3 0 0 
   d 30 0 3 0 0
  c ry 3
   d 0 0 3 0 0 
   d 1 0 3 0 0 
   d 30 0 3 0 0
  c rz 3
   d 0 0 3 0 0 
   d 1 0 3 0 0 
   d 30 0 3 0 0
  c sx 3
   d 0 1 3 0 0 
   d 1 1 3 0 0 
   d 30 1 3 0 0
  c sy 3
   d 0 1 3 0 0 
   d 1 1 3 0 0 
   d 30 1 3 0 0
  c sz 3
   d 0 1 3 0 0 
   d 1 1 3 0 0 
   d 30 1 3 0 0
}
