v tuka pnt 72
-0.111882 0.015902 0  -0.166259 0.986082 0  0.917283 0.624559  
-0.111882 0.015902 0.018552  -0.139361 0.990242 0  0.917283 0.560735  
-0.090577 0.011308 0.018552  -0.018948 0.99982 0  0.878805 0.560735  
-0.090577 0.011308 0  -0.018948 0.99982 0  0.878805 0.624559  
-0.143772 -0 0.010306  -0.446248 0.894909 0  0.974876 0.589102  
-0.143772 -0 0  -0.446248 0.894909 0  0.974876 0.624559  
0 0.018022 0.018552  0 1 0  0.715225 0.560735  
0 0.018022 0  0 1 0  0.715225 0.624559  
-0.111882 0.015902 -0.018552  -0.139361 0.990242 0  0.917283 0.688382  
-0.090577 0.011308 -0.018552  -0.018948 0.99982 0  0.878805 0.688382  
-0.143772 -0 -0.010306  -0.446248 0.894909 0  0.974876 0.660015  
0.083113 0.011308 0.018552  0.017855 0.999841 0  0.565123 0.560735  
0.083113 0.011308 0  0.017855 0.999841 0  0.565123 0.624559  
0 0.018022 -0.018552  0 1 0  0.715225 0.688382  
0.118734 0.015902 0.018552  0.107454 0.99421 0  0.500793 0.560735  
0.118734 0.015902 0  0.135998 0.990709 0  0.500793 0.624559  
0.083113 0.011308 -0.018552  0.017855 0.999841 0  0.565123 0.688382  
0.14575 -0 0.010306  0.507253 0.861797 0  0.452001 0.589102  
0.14575 -0 0  0.507253 0.861797 0  0.452001 0.624559  
0.118734 0.015902 -0.018552  0.107454 0.99421 0  0.500793 0.688382  
0.14575 -0 -0.010306  0.507253 0.861797 0  0.452001 0.660015  
-0.111882 -0.015902 0  -0.063791 -0.997963 0  0.917283 0.889831  
-0.111882 -0.015902 -0.018552  -0.027154 -0.997934 -0.058232  0.917283 0.826008  
-0.090577 -0.004321 -0.018552  -0.023091 -0.993023 -0.115639  0.878805 0.826008  
-0.090577 -0.008642 0  -0.016219 -0.999869 0  0.878805 0.889831  
-0.143772 -0 -0.010306  -0.446239 -0.894914 0  0.974876 0.854375  
-0.143772 -0 0  -0.446239 -0.894914 0  0.974876 0.889831  
0 -0.018022 -0.018552  0 -0.993288 -0.11567  0.715225 0.826008  
0 -0.018022 0  0 -1 0  0.715225 0.889831  
-0.111882 -0.015902 0.018552  -0.027154 -0.997934 0.058232  0.917283 0.953654  
-0.090577 -0.004321 0.018552  -0.023091 -0.993023 0.115639  0.878805 0.953654  
-0.143772 -0 0.010306  -0.446239 -0.894914 0  0.974876 0.925287  
0.083113 -0.004321 -0.018552  0.019572 -0.993097 -0.115648  0.565123 0.826008  
0.083113 -0.008642 0  0.016804 -0.999859 0  0.565123 0.889831  
0 -0.018022 0.018552  0 -0.993288 0.11567  0.715225 0.953654  
0.118734 -0.015902 -0.018552  0.017282 -0.996824 -0.077734  0.500793 0.826008  
0.118734 -0.015902 0  0.051972 -0.998649 0  0.500793 0.889831  
0.083113 -0.004321 0.018552  0.019572 -0.993097 0.115648  0.565123 0.953654  
0.14575 -0 -0.010306  0.507244 -0.861803 0  0.452001 0.854375  
0.14575 -0 0  0.507244 -0.861803 0  0.452001 0.889831  
0.118734 -0.015902 0.018552  0.017282 -0.996824 0.077734  0.500793 0.953654  
0.14575 -0 0.010306  0.507244 -0.861803 0  0.452001 0.925287  
-0.111882 0 0.018552  -0.12585 0 0.992049  0.917283 0.491712  
-0.111882 -0.015902 0.018552  -0.155793 0 0.98779  0.917283 0.437007  
-0.090577 -0.004321 0.018552  -0 0 1  0.878805 0.476847  
-0.143772 -0 0.010306  -0.250334 0 0.96816  0.974876 0.491711  
0 -0.018022 0.018552  0 0 1  0.715225 0.429712  
0 0 0.018552  0 0 1  0.715225 0.491712  
-0.111882 0.015902 0.018552  -0.098763 0 0.995111  0.917283 0.546418  
-0.090577 0.011308 0.018552  -0 0 1  0.878805 0.530614  
0.083113 -0.004321 0.018552  0 0 1  0.565123 0.476847  
0 0.018022 0.018552  0 0 1  0.715225 0.553712  
0.118734 -0.015902 0.018552  0.118126 0 0.992999  0.500793 0.437007  
0.118734 0 0.018552  0.100677 0 0.994919  0.500793 0.491712  
0.083113 0.011308 0.018552  0 0 1  0.565123 0.530614  
0.14575 -0 0.010306  0.291914 0 0.956445  0.452001 0.491711  
0.118734 0.015902 0.018552  0.06672 0 0.997772  0.500793 0.546418  
-0.111882 0 -0.018552  -0.12585 0 -0.992049  0.917282 0.757164  
-0.111882 0.015902 -0.018552  -0.098763 0 -0.995111  0.917282 0.702458  
-0.090577 0.011308 -0.018552  -0 0 -1  0.878805 0.718262  
-0.090577 -0.004321 -0.018552  -0 0 -1  0.878805 0.772029  
-0.143772 -0 -0.010306  -0.250334 0 -0.96816  0.974876 0.757164  
0 0.018022 -0.018552  -0 0 -1  0.715225 0.695164  
0 0 -0.018552  -0 0 -1  0.715225 0.757164  
-0.111882 -0.015902 -0.018552  -0.155793 0 -0.98779  0.917283 0.811869  
0.083113 0.011308 -0.018552  0 0 -1  0.565123 0.718262  
0.083113 -0.004321 -0.018552  0 0 -1  0.565123 0.772029  
0 -0.018022 -0.018552  -0 0 -1  0.715225 0.819164  
0.118734 0.015902 -0.018552  0.06672 0 -0.997772  0.500793 0.702458  
0.118734 0 -0.018552  0.100677 0 -0.994919  0.500793 0.757164  
0.14575 -0 -0.010306  0.291914 0 -0.956445  0.452001 0.757164  
0.118734 -0.015902 -0.018552  0.118126 0 -0.992999  0.500793 0.811869  
i tuka 240
42 43 44 
53 52 55 
48 42 49 
49 42 44 
56 53 55 
0 1 3 
3 1 2 
14 17 15 
15 17 18 
8 0 9 
9 0 3 
19 15 20 
20 15 18 
58 59 57 
57 59 60 
69 68 70 
64 57 60 
71 69 70 
21 22 24 
24 22 23 
35 38 36 
36 38 39 
21 24 29 
29 24 30 
40 36 41 
41 36 39 
37 33 40 
40 33 36 
32 35 33 
33 35 36 
66 69 71 
66 65 69 
69 65 68 
16 12 19 
19 12 15 
12 11 15 
15 11 14 
50 53 54 
54 53 56 
50 52 53 
26 21 31 
31 21 29 
22 21 25 
25 21 26 
61 57 64 
61 58 57 
5 0 10 
10 0 8 
1 0 4 
4 0 5 
45 42 48 
45 43 42 
28 33 34 
34 33 37 
32 33 27 
27 33 28 
63 66 67 
62 65 63 
63 65 66 
7 12 13 
13 12 16 
6 11 7 
7 11 12 
50 54 47 
47 54 51 
46 50 47 
44 46 47 
44 47 49 
49 47 51 
3 2 7 
7 2 6 
9 3 13 
13 3 7 
60 59 63 
63 59 62 
60 63 67 
23 27 24 
24 27 28 
30 24 34 
34 24 28 
x blinn1_basecolor Assets/textures/swordTex/blinn1_basecolor.png
b tuka tuka tuka 1
0 80 blinn1_basecolor
v motite pnt 20
0.017898 0.139922 0  0.994907 -0.100794 0  0.665778 0.201889  
0.011792 0.139922 -0.009328  0.927011 -0.094601 -0.362907  0.731176 0.201889  
0.027713 0.287002 -0.01223  0.958551 -0.086539 -0.27146  0.731176 0.008466  
0.027713 0.287002 0  0.995949 -0.089915 0  0.665778 0.008461  
0 0.002917 0  0.991575 -0.129534 0  0.600379 0.370316  
0.011792 0.139922 0.009328  0.927011 -0.094601 0.362907  0.600379 0.201889  
0.027713 0.287002 0.01223  0.958551 -0.086539 0.27146  0.600379 0.008456  
-0.011792 0.139922 -0.009328  -0.927011 -0.094601 -0.362907  0.861973 0.201889  
-0.017897 0.139922 0  -0.994907 -0.100794 -0  0.927372 0.201889  
-0.027712 0.287002 0  -0.995949 -0.089915 -0  0.927372 0.008451  
-0.027712 0.287002 -0.01223  -0.958551 -0.086539 -0.27146  0.861974 0.008447  
0 0.002917 0  -0.991575 -0.129533 0  0.894673 0.370316  
-0.011792 0.139922 0.009328  -0.927011 -0.094601 0.362907  0.992771 0.201889  
-0.027712 0.287002 0.01223  -0.958551 -0.086539 0.27146  0.992771 0.008442  
0 0.139922 0.009328  0 -0.030237 0.999543  0.534981 0.201889  
-0.011792 0.139922 0.009328  0 -0.029266 0.999572  0.469582 0.201889  
0 0.287002 0.01223  0 -0.019727 0.999805  0.534981 0.008437  
-0.027712 0.287002 0.01223  0 -0.019727 0.999805  0.469582 0.008432  
0 0.287002 -0.01223  0 -0.019727 -0.999805  0.796575 0.008428  
0 0.139922 -0.009328  0 -0.030237 -0.999543  0.796575 0.201889  
i motite 72
4 14 15 
4 5 14 
14 16 15 
15 16 17 
14 5 16 
16 5 6 
10 18 7 
7 18 19 
2 1 18 
18 1 19 
7 19 11 
19 1 4 
4 1 0 
4 0 5 
1 2 0 
0 2 3 
5 0 6 
6 0 3 
11 8 7 
11 12 8 
7 8 10 
10 8 9 
12 13 8 
8 13 9 
x blinn2_basecolor Assets/textures/swordTex/blinn2_basecolor.png
b motite motite motite 1
0 24 blinn2_basecolor
v turugi pnt 107
-0.012798 0.246971 0.009405  -0.332276 0.018037 0.94301  0.287552 0.646398  
0 0.246971 0.012921  -0.001838 0.012526 0.99992  0.312713 0.646399  
0.00124 0.337617 0.008692  0.001941 0.040002 0.999198  0.31497 0.526281  
-0.011591 0.337617 0.005188  -0.26657 0.031434 0.963303  0.289632 0.526168  
-0.013224 0.223375 0.007011  -0.315124 -0.05454 0.947482  0.286666 0.677629  
0 0.223375 0.009632  0 -0.082475 0.996593  0.312632 0.677509  
0.012798 0.246971 0.009405  0.256971 0.008512 0.966382  0.337886 0.64643  
0.014072 0.337617 0.005188  0.267865 0.028163 0.963045  0.340298 0.526141  
0.00124 0.369447 0.008599  0.000715 0.005407 0.999985  0.314861 0.483769  
-0.038046 0.246971 0  -0.998553 0.053771 -0  0.18795 0.645454  
-0.027778 0.337617 0  -0.997937 0.064199 0  0.166757 0.524343  
-0.012782 0.187981 0.005301  -0.313004 -0.015997 0.949617  0.287565 0.724606  
0 0.187981 0.007283  -0 -0.020716 0.999785  0.312415 0.724586  
0.013224 0.223375 0.007011  0.19574 -0.080219 0.977369  0.338597 0.677703  
-0.034485 0.223375 0  -0.984983 -0.172651 -0  0.180621 0.677271  
0.038046 0.246971 0  0.999196 0.040101 -0  0.389235 0.646422  
0.027778 0.337617 0  0.998188 0.060176 0  0.368226 0.526063  
0 0.541491 0.007753  -0.00092 0.017588 0.999845  0.312065 0.254862  
-0.010608 0.541491 0.004627  -0.329128 0.017651 0.94412  0.035502 0.151726  
-0.023149 0.541491 0  -0.998753 0.049926 0  0.26451 0.254887  
-0.012798 0.246971 -0.009405  -0.25686 0.013774 -0.966351  0.136909 0.645552  
-0.011591 0.337617 -0.005188  -0.266146 0.031742 -0.96341  0.134415 0.524405  
-0.013345 0.128991 0.005959  -0.343742 0.008645 0.939025  0.286215 0.802901  
0 0.128991 0.006798  -0 0.010108 0.999949  0.311893 0.802976  
0.012782 0.187981 0.005301  0.132565 -0.020407 0.990964  0.337264 0.724727  
-0.030499 0.187981 0  -0.998552 -0.053805 0  0.172164 0.724503  
0.034485 0.223375 0  0.984983 -0.172651 0  0.381622 0.678093  
-0.013224 0.223375 -0.007011  -0.19574 -0.080219 -0.977369  0.13782 0.677046  
0.012798 0.246971 -0.009405  0.25697 0.008512 -0.966382  0.086831 0.645623  
0.014072 0.337617 -0.005188  0.265746 0.028298 -0.963628  0.083906 0.524444  
0.023149 0.541491 0  0.998527 0.054262 0  0.063231 0.251971  
0.010608 0.541491 0.004627  0.27879 0.018016 0.960183  0.333635 0.254818  
0 0.69446 0  -0.988743 0.149625 0  0.067456 0.114552  
-0.010608 0.541491 -0.004627  -0.274507 0.015299 -0.961463  0.132149 0.251927  
0.00124 0.337617 -0.008692  0.002146 0.040492 -0.999178  0.109157 0.524531  
0 0.246971 -0.012921  -0.001838 0.012525 -0.99992  0.111868 0.645576  
-0.014029 0.083363 0.006796  -0.350627 0.032179 0.935962  0.284352 0.863361  
0 0.083363 0.007753  0 0.022203 0.999753  0.311413 0.863504  
0.013345 0.128991 0.005959  0.088504 0.010131 0.996024  0.337571 0.80307  
-0.028807 0.128991 0  -0.999687 0.024825 -0.003134  0.169613 0.803525  
0.030499 0.187981 0  0.998551 -0.053805 0  0.372731 0.724931  
-0.012782 0.187981 -0.005301  -0.132565 -0.020407 -0.990964  0.136884 0.724465  
0.013224 0.223375 -0.007011  0.19574 -0.080219 -0.977369  0.086155 0.677113  
0 0.223375 -0.009632  -0 -0.082475 -0.996593  0.111987 0.676927  
0.010608 0.541491 -0.004627  0.273293 0.017537 -0.961771  0.089142 0.251956  
0 0.541491 -0.007753  -0.000714 0.017368 -0.999849  0.110646 0.251961  
0.000979 0.369447 -0.008494  -0.000139 0.005143 -0.999987  0.109515 0.481877  
-0.014106 0.037736 0.007826  -0.306462 0.069528 0.94934  0.283443 0.92373  
0 0.037736 0.008928  -0 0.039792 0.999208  0.310841 0.923867  
0.014029 0.083363 0.006796  0.069264 0.022157 0.997352  0.33848 0.863573  
-0.030256 0.083363 0  -0.995531 0.094222 -0.006307  0.172821 0.864923  
0.028807 0.128991 0  0.999687 0.024825 -0.003134  0.369375 0.803076  
-0.013345 0.128991 -0.005959  -0.088777 0.010038 -0.996001  0.137883 0.803598  
0.012782 0.187981 -0.005301  0.132565 -0.020407 -0.990964  0.087425 0.724498  
0 0.187981 -0.007283  -0 -0.020716 -0.999785  0.112154 0.724409  
-0.015216 0.014922 0.009268  -0.264497 -0.017576 0.964226  0.281417 0.953898  
0 0.014922 0.010572  -0 -0.204382 0.978891  0.310568 0.953957  
0.014106 0.037736 0.007826  0.306462 0.069528 0.94934  0.338239 0.923958  
-0.039269 0.037736 0  -0.96965 0.244478 -0.003061  0.232459 0.923386  
0.030256 0.083363 0  0.995531 0.094222 -0.006308  0.372352 0.863503  
-0.013858 0.083363 -0.006796  -0.069691 0.022167 -0.997322  0.138622 0.864943  
0.013345 0.128991 -0.005959  0.088777 0.010038 -0.996001  0.086673 0.803517  
0 0.128991 -0.006798  -0 0.010026 -0.99995  0.112272 0.803553  
-0.023149 -0.008248 0  -0.640523 -0.767939 0  0.262528 0.986195  
0 -0.008248 0  0 -0.389047 0.921218  0.310289 0.984876  
0.015216 0.014922 0.009268  0.264497 -0.017576 0.964226  0.339718 0.954143  
-0.050927 0.014922 0  -0.999534 -0.030537 -0  0.210418 0.953917  
0.039269 0.037736 0  0.96965 0.244478 -0.003062  0.032472 0.924824  
-0.014106 0.037736 -0.007826  -0.305828 0.069732 -0.94953  0.138148 0.926212  
0.013858 0.083363 -0.006796  0.069691 0.022167 -0.997322  0.085217 0.864623  
0 0.083363 -0.007753  -0 0.022214 -0.999753  0.11191 0.86481  
0.023149 -0.008248 0  0.640523 -0.767939 -0.000002  0.358022 0.986596  
0.050927 0.014922 0  0.999534 -0.030537 -0.000001  0.009529 0.955117  
-0.015216 0.014922 -0.009268  -0.264497 -0.017576 -0.964226  0.1391 0.956769  
0.014106 0.037736 -0.007826  0.076289 0.040082 -0.99628  0.083348 0.925559  
0 0.037736 -0.008928  -0 0.039945 -0.999202  0.110722 0.925923  
0.023149 -0.008248 0  0.031305 -0.388857 -0.920766  0.060766 0.988174  
-0.023149 -0.008248 0  -0.640523 -0.767939 0  0.157097 0.989465  
0.015216 0.014922 -0.009268  0.050591 -0.230699 -0.971709  0.080672 0.955966  
0 0.014922 -0.010572  -0 -0.204382 -0.978891  0.109861 0.956387  
0 -0.008248 0  0 -0.389048 -0.921218  0.108796 0.987838  
-0.023149 0.541491 0  -0.998753 0.049926 0  0.017927 0.114709  
-0.010608 0.541491 0.004627  -0.275404 0.015245 0.961208  0.290495 0.254863  
-0.010608 0.541491 -0.004627  -0.329128 0.017651 -0.94412  0.035267 0.077582  
0 0.541491 -0.007753  -0.000714 0.017368 -0.999849  0.067302 0.065685  
0.010608 0.541491 -0.004627  0.349096 0.020252 -0.936868  0.099411 0.077379  
0.023149 0.541491 0  0.998527 0.054262 0  0.116985 0.114396  
0.010608 0.541491 0.004627  0.349096 0.020252 0.936868  0.099645 0.151523  
0 0.541491 0.007753  -0.00092 0.017588 0.999845  0.067611 0.16342  
0.023149 0.541491 0  0.998527 0.054262 0  0.359621 0.254787  
0.034485 0.223375 0  0.984983 -0.172651 0  0.043348 0.67746  
0.038046 0.246971 0  0.999196 0.040101 -0  0.035738 0.645687  
0.030499 0.187981 0  0.998551 -0.053805 0  0.052128 0.724609  
0.028807 0.128991 0  0.999687 0.024825 -0.003134  0.054993 0.803374  
0.027778 0.337617 0  0.998188 0.060176 0  0.056029 0.524428  
-0.030256 0.083363 0  -0.995531 0.094222 -0.006307  0.250513 0.86302  
-0.039269 0.037736 0  -0.96965 0.244478 -0.003061  0.189232 0.926491  
0.039269 0.037736 0  0.96965 0.244478 -0.003062  0.389224 0.924043  
0.030256 0.083363 0  0.995531 0.094222 -0.006308  0.051138 0.864223  
-0.050927 0.014922 0  -0.999534 -0.030537 -0  0.210418 0.957547  
0.050927 0.014922 0  0.999534 -0.030537 -0.000001  0.410702 0.954765  
-0.034485 0.223375 0  -0.984983 -0.172651 -0  0.243636 0.677893  
-0.038046 0.246971 0  -0.998553 0.053771 -0  0.236192 0.646304  
-0.030499 0.187981 0  -0.998552 -0.053805 0  0.2521 0.724631  
-0.028807 0.128991 0  -0.999687 0.024825 -0.003134  0.254417 0.802697  
-0.027778 0.337617 0  -0.997937 0.064199 0  0.25724 0.526148  
-0.023149 0.541491 0  -0.998753 0.049926 0  0.15806 0.251911  
i turugi 456
0 1 3 
3 1 2 
1 6 2 
2 6 7 
18 88 32 
88 87 32 
32 84 83 
32 85 84 
21 34 20 
20 34 35 
29 28 34 
34 28 35 
91 28 94 
94 28 29 
15 16 6 
6 16 7 
86 85 32 
87 86 32 
9 10 20 
20 10 21 
102 0 105 
105 0 3 
83 81 32 
81 18 32 
48 37 47 
47 37 36 
48 57 37 
37 57 49 
97 59 57 
57 59 49 
67 74 98 
98 74 69 
70 69 75 
75 69 74 
70 75 60 
60 75 68 
96 50 68 
68 50 60 
58 47 95 
95 47 36 
3 2 8 
2 7 8 
16 89 7 
7 89 31 
94 29 30 
30 29 44 
45 44 46 
46 44 29 
21 46 34 
10 106 21 
21 106 33 
105 3 19 
19 3 82 
63 64 55 
55 64 56 
71 65 64 
64 65 56 
71 100 65 
76 78 72 
79 78 80 
80 78 76 
79 80 73 
73 80 77 
77 99 73 
63 55 66 
61 53 93 
93 53 92 
38 51 24 
24 51 40 
38 24 23 
23 24 12 
22 23 11 
11 23 12 
22 11 104 
104 11 103 
52 39 41 
41 39 25 
54 62 41 
41 62 52 
54 53 62 
62 53 61 
55 56 47 
47 56 48 
65 57 56 
56 57 48 
100 97 65 
65 97 57 
72 78 67 
67 78 74 
75 74 79 
79 74 78 
75 79 68 
68 79 73 
99 96 73 
73 96 68 
66 55 58 
58 55 47 
98 69 93 
93 69 61 
59 51 49 
49 51 38 
49 38 37 
37 38 23 
36 37 22 
22 37 23 
95 36 104 
104 36 22 
50 39 60 
60 39 52 
62 70 52 
52 70 60 
62 61 70 
70 61 69 
53 42 92 
92 42 90 
24 40 13 
13 40 26 
24 13 12 
12 13 5 
11 12 4 
4 12 5 
11 4 103 
103 4 101 
41 25 27 
27 25 14 
43 54 27 
27 54 41 
43 42 54 
54 42 53 
42 28 90 
90 28 91 
13 26 6 
6 26 15 
13 6 5 
5 6 1 
4 5 0 
0 5 1 
4 0 101 
101 0 102 
27 14 20 
20 14 9 
35 43 20 
20 43 27 
35 28 43 
43 28 42 
3 8 82 
82 8 17 
7 31 8 
8 31 17 
46 29 34 
45 46 33 
33 46 21 
x blinn3_basecolor Assets/textures/swordTex/blinn3_basecolor.png
b turugi turugi turugi 1
0 152 blinn3_basecolor
t sword
{ n RootNode
 { n imagePlane1 t 0 0.255042 0 s 0.033454 0.033454 0.033454  }
 { n back t 0.007942 0.102889 -1000.100037 r 0 3.141593 0  }
 { n tuka b tuka t 0 0.034762 0  }
 { n motite b motite t 0 -0.259608 0  }
 { n turugi b turugi t 0 0.052935 0  }
}
