a Boss_Idel 39
{
 n RootNode 0
 n minoutaurosu 0
 n pPlane1 0
 n pPlane2 0
 n LO 9
  c tx 3
   d 0 -0 3 0 0
   d 1 -0 3 0 0 
   d 37 -0 3 0 0 
  c ty 4
   d 0 1.159088 3 0 0
   d 1 1.159088 3 0 0 
   d 18 1.176837 3 0 0 
   d 37 1.159088 3 0 0 
  c tz 3
   d 0 -0.257325 3 0 0
   d 1 -0.257325 3 0 0 
   d 37 -0.257325 3 0 0 
  c rx 3
   d 0 0 3 0 0
   d 1 0 3 0 0 
   d 37 0 3 0 0 
  c ry 3
   d 0 0 3 0 0
   d 1 0 3 0 0 
   d 37 0 3 0 0 
  c rz 3
   d 0 0 3 0 0
   d 1 0 3 0 0 
   d 37 0 3 0 0 
  c sx 3
   d 0 1 3 0 0
   d 1 1 3 0 0 
   d 37 1 3 0 0 
  c sy 3
   d 0 1 3 0 0
   d 1 1 3 0 0 
   d 37 1 3 0 0 
  c sz 3
   d 0 1 3 0 0
   d 1 1 3 0 0 
   d 37 1 3 0 0 
 n R_momo 9
  c tx 3
   d 0 0.154332 3 0 0
   d 1 0.154332 3 0 0 
   d 37 0.154332 3 0 0
  c ty 3
   d 0 -0.064087 3 0 0
   d 1 -0.064087 3 0 0 
   d 37 -0.064087 3 0 0
  c tz 3
   d 0 0.160828 3 0 0
   d 1 0.160828 3 0 0 
   d 37 0.160828 3 0 0
  c rx 3
   d 0 0 3 0 0
   d 1 0 3 0 0 
   d 37 0 3 0 0
  c ry 3
   d 0 0 3 0 0
   d 1 0 3 0 0 
   d 37 0 3 0 0
  c rz 3
   d 0 0 3 0 0
   d 1 0 3 0 0 
   d 37 0 3 0 0
  c sx 3
   d 0 1 3 0 0
   d 1 1 3 0 0 
   d 37 1 3 0 0
  c sy 3
   d 0 1 3 0 0
   d 1 1 3 0 0 
   d 37 1 3 0 0
  c sz 3
   d 0 1 3 0 0
   d 1 1 3 0 0 
   d 37 1 3 0 0
 n R_momo2 9
  c tx 4
   d 0 0.169189 3 0 0
   d 1 0.169189 3 0 0 
   d 18 0.169189 3 0 0 
   d 37 0.169189 3 0 0
  c ty 4
   d 0 -0.217186 3 0 0
   d 1 -0.217186 3 0 0 
   d 18 -0.234935 3 0 0 
   d 37 -0.217186 3 0 0 
  c tz 4
   d 0 0.280954 3 0 0
   d 1 0.280954 3 0 0 
   d 18 0.280954 3 0 0 
   d 37 0.280954 3 0 0
  c rx 4
   d 0 0 3 0 0
   d 1 0 3 0 0 
   d 18 0 3 0 0 
   d 37 0 3 0 0
  c ry 4
   d 0 0 3 0 0
   d 1 0 3 0 0 
   d 18 0 3 0 0 
   d 37 0 3 0 0
  c rz 4
   d 0 0 3 0 0
   d 1 0 3 0 0 
   d 18 0 3 0 0 
   d 37 0 3 0 0
  c sx 4
   d 0 1 3 0 0
   d 1 1 3 0 0 
   d 18 1 3 0 0 
   d 37 1 3 0 0
  c sy 4
   d 0 1 3 0 0
   d 1 1 3 0 0 
   d 18 1 3 0 0 
   d 37 1 3 0 0
  c sz 4
   d 0 1 3 0 0
   d 1 1 3 0 0 
   d 18 1 3 0 0 
   d 37 1 3 0 0
 n Rhiza 9
  c tx 3
   d 0 0.017421 3 0 0
   d 1 0.017421 3 0 0 
   d 37 0.017421 3 0 0
  c ty 3
   d 0 -0.310168 3 0 0
   d 1 -0.310168 3 0 0 
   d 37 -0.310168 3 0 0
  c tz 3
   d 0 -0.434235 3 0 0
   d 1 -0.434235 3 0 0 
   d 37 -0.434235 3 0 0
  c rx 3
   d 0 0 3 0 0
   d 1 0 3 0 0 
   d 37 0 3 0 0
  c ry 3
   d 0 0 3 0 0
   d 1 0 3 0 0 
   d 37 0 3 0 0
  c rz 3
   d 0 0 3 0 0
   d 1 0 3 0 0 
   d 37 0 3 0 0
  c sx 3
   d 0 1 3 0 0
   d 1 1 3 0 0 
   d 37 1 3 0 0
  c sy 3
   d 0 1 3 0 0
   d 1 1 3 0 0 
   d 37 1 3 0 0
  c sz 3
   d 0 1 3 0 0
   d 1 1 3 0 0 
   d 37 1 3 0 0
 n Rasikubi 9
  c tx 3
   d 0 0.005127 3 0 0
   d 1 0.005127 3 0 0 
   d 37 0.005127 3 0 0
  c ty 3
   d 0 -0.514649 3 0 0
   d 1 -0.514649 3 0 0 
   d 37 -0.514649 3 0 0
  c tz 3
   d 0 0.128662 3 0 0
   d 1 0.128662 3 0 0 
   d 37 0.128662 3 0 0
  c rx 3
   d 0 0 3 0 0
   d 1 0 3 0 0 
   d 37 0 3 0 0
  c ry 3
   d 0 0 3 0 0
   d 1 0 3 0 0 
   d 37 0 3 0 0
  c rz 3
   d 0 0 3 0 0
   d 1 0 3 0 0 
   d 37 0 3 0 0
  c sx 3
   d 0 1 3 0 0
   d 1 1 3 0 0 
   d 37 1 3 0 0
  c sy 3
   d 0 1 3 0 0
   d 1 1 3 0 0 
   d 37 1 3 0 0
  c sz 3
   d 0 1 3 0 0
   d 1 1 3 0 0 
   d 37 1 3 0 0
 n R_asasaki 9
  c tx 3
   d 0 -0 3 0 0
   d 1 -0 3 0 0 
   d 37 -0 3 0 0
  c ty 3
   d 0 0 3 0 0
   d 1 0 3 0 0 
   d 37 0 3 0 0
  c tz 3
   d 0 0.250432 3 0 0
   d 1 0.250432 3 0 0 
   d 37 0.250432 3 0 0
  c rx 3
   d 0 0 3 0 0
   d 1 0 3 0 0 
   d 37 0 3 0 0
  c ry 3
   d 0 0 3 0 0
   d 1 0 3 0 0 
   d 37 0 3 0 0
  c rz 3
   d 0 0 3 0 0
   d 1 0 3 0 0 
   d 37 0 3 0 0
  c sx 3
   d 0 1 3 0 0
   d 1 1 3 0 0 
   d 37 1 3 0 0
  c sy 3
   d 0 1 3 0 0
   d 1 1 3 0 0 
   d 37 1 3 0 0
  c sz 3
   d 0 1 3 0 0
   d 1 1 3 0 0 
   d 37 1 3 0 0
 n kosi 9
  c tx 3
   d 0 0 3 0 0
   d 1 0 3 0 0 
   d 37 0 3 0 0
  c ty 3
   d 0 0.240967 3 0 0
   d 1 0.240967 3 0 0 
   d 37 0.240967 3 0 0
  c tz 3
   d 0 -0 3 0 0
   d 1 -0 3 0 0 
   d 37 -0 3 0 0
  c rx 3
   d 0 0 3 0 0
   d 1 0 3 0 0 
   d 37 0 3 0 0
  c ry 3
   d 0 0 3 0 0
   d 1 0 3 0 0 
   d 37 0 3 0 0
  c rz 3
   d 0 0 3 0 0
   d 1 0 3 0 0 
   d 37 0 3 0 0
  c sx 3
   d 0 1 3 0 0
   d 1 1 3 0 0 
   d 37 1 3 0 0
  c sy 3
   d 0 1 3 0 0
   d 1 1 3 0 0 
   d 37 1 3 0 0
  c sz 3
   d 0 1 3 0 0
   d 1 1 3 0 0 
   d 37 1 3 0 0
 n mune 9
  c tx 3
   d 0 0.003087 3 0 0
   d 1 0.003087 3 0 0 
   d 37 0.003087 3 0 0 
  c ty 4
   d 0 0.481933 3 0 0
   d 1 0.481933 3 0 0 
   d 18 0.547958 3 0 0 
   d 37 0.481933 3 0 0 
  c tz 4
   d 0 0.257325 3 0 0
   d 1 0.257325 3 0 0 
   d 18 0.150951 3 0 0 
   d 37 0.257325 3 0 0 
  c rx 3
   d 0 0 3 0 0
   d 1 0 3 0 0 
   d 37 0 3 0 0 
  c ry 3
   d 0 0 3 0 0
   d 1 0 3 0 0 
   d 37 0 3 0 0 
  c rz 3
   d 0 0 3 0 0
   d 1 0 3 0 0 
   d 37 0 3 0 0 
  c sx 3
   d 0 1 3 0 0
   d 1 1 3 0 0 
   d 37 1 3 0 0 
  c sy 3
   d 0 1 3 0 0
   d 1 1 3 0 0 
   d 37 1 3 0 0 
  c sz 3
   d 0 1 3 0 0
   d 1 1 3 0 0 
   d 37 1 3 0 0 
 n kubi 9
  c tx 3
   d 0 0 3 0 0
   d 1 0 3 0 0 
   d 37 0 3 0 0
  c ty 3
   d 0 0.478217 3 0 0
   d 1 0.478217 3 0 0 
   d 37 0.478217 3 0 0
  c tz 3
   d 0 0.283251 3 0 0
   d 1 0.283251 3 0 0 
   d 37 0.283251 3 0 0
  c rx 3
   d 0 0 3 0 0
   d 1 0 3 0 0 
   d 37 0 3 0 0
  c ry 3
   d 0 0 3 0 0
   d 1 0 3 0 0 
   d 37 0 3 0 0
  c rz 3
   d 0 0 3 0 0
   d 1 0 3 0 0 
   d 37 0 3 0 0
  c sx 3
   d 0 1 3 0 0
   d 1 1 3 0 0 
   d 37 1 3 0 0
  c sy 3
   d 0 1 3 0 0
   d 1 1 3 0 0 
   d 37 1 3 0 0
  c sz 3
   d 0 1 3 0 0
   d 1 1 3 0 0 
   d 37 1 3 0 0
 n joint5 9
  c tx 3
   d 0 0 3 0 0
   d 1 0 3 0 0 
   d 37 0 3 0 0
  c ty 3
   d 0 0.160828 3 0 0
   d 1 0.160828 3 0 0 
   d 37 0.160828 3 0 0
  c tz 3
   d 0 0.213671 3 0 0
   d 1 0.213671 3 0 0 
   d 37 0.213671 3 0 0
  c rx 3
   d 0 0 3 0 0
   d 1 0 3 0 0 
   d 37 0 3 0 0
  c ry 3
   d 0 0 3 0 0
   d 1 0 3 0 0 
   d 37 0 3 0 0
  c rz 3
   d 0 0 3 0 0
   d 1 0 3 0 0 
   d 37 0 3 0 0
  c sx 3
   d 0 1 3 0 0
   d 1 1 3 0 0 
   d 37 1 3 0 0
  c sy 3
   d 0 1 3 0 0
   d 1 1 3 0 0 
   d 37 1 3 0 0
  c sz 3
   d 0 1 3 0 0
   d 1 1 3 0 0 
   d 37 1 3 0 0
 n joint6 9
  c tx 3
   d 0 -0 3 0 0
   d 1 -0 3 0 0 
   d 37 -0 3 0 0
  c ty 3
   d 0 -0.151638 3 0 0
   d 1 -0.151638 3 0 0 
   d 37 -0.151638 3 0 0
  c tz 3
   d 0 0.243539 3 0 0
   d 1 0.243539 3 0 0 
   d 37 0.243539 3 0 0
  c rx 3
   d 0 0 3 0 0
   d 1 0 3 0 0 
   d 37 0 3 0 0
  c ry 3
   d 0 0 3 0 0
   d 1 0 3 0 0 
   d 37 0 3 0 0
  c rz 3
   d 0 0 3 0 0
   d 1 0 3 0 0 
   d 37 0 3 0 0
  c sx 3
   d 0 1 3 0 0
   d 1 1 3 0 0 
   d 37 1 3 0 0
  c sy 3
   d 0 1 3 0 0
   d 1 1 3 0 0 
   d 37 1 3 0 0
  c sz 3
   d 0 1 3 0 0
   d 1 1 3 0 0 
   d 37 1 3 0 0
 n joint7 0
 n joint8 9
  c tx 3
   d 0 -0.003087 3 0 0
   d 1 -0.003087 3 0 0 
   d 37 -0.003087 3 0 0
  c ty 3
   d 0 -0.075819 3 0 0
   d 1 -0.075819 3 0 0 
   d 37 -0.075819 3 0 0
  c tz 3
   d 0 0.273407 3 0 0
   d 1 0.273407 3 0 0 
   d 37 0.273407 3 0 0
  c rx 3
   d 0 0 3 0 0
   d 1 0 3 0 0 
   d 37 0 3 0 0
  c ry 3
   d 0 0 3 0 0
   d 1 0 3 0 0 
   d 37 0 3 0 0
  c rz 3
   d 0 0 3 0 0
   d 1 0 3 0 0 
   d 37 0 3 0 0
  c sx 3
   d 0 1 3 0 0
   d 1 1 3 0 0 
   d 37 1 3 0 0
  c sy 3
   d 0 1 3 0 0
   d 1 1 3 0 0 
   d 37 1 3 0 0
  c sz 3
   d 0 1 3 0 0
   d 1 1 3 0 0 
   d 37 1 3 0 0
 n joint9 9
  c tx 3
   d 0 0 3 0 0
   d 1 0 3 0 0 
   d 37 0 3 0 0
  c ty 3
   d 0 0.011488 3 0 0
   d 1 0.011488 3 0 0 
   d 37 0.011488 3 0 0
  c tz 3
   d 0 0.312466 3 0 0
   d 1 0.312466 3 0 0 
   d 37 0.312466 3 0 0
  c rx 3
   d 0 0 3 0 0
   d 1 0 3 0 0 
   d 37 0 3 0 0
  c ry 3
   d 0 0 3 0 0
   d 1 0 3 0 0 
   d 37 0 3 0 0
  c rz 3
   d 0 0 3 0 0
   d 1 0 3 0 0 
   d 37 0 3 0 0
  c sx 3
   d 0 1 3 0 0
   d 1 1 3 0 0 
   d 37 1 3 0 0
  c sy 3
   d 0 1 3 0 0
   d 1 1 3 0 0 
   d 37 1 3 0 0
  c sz 3
   d 0 1 3 0 0
   d 1 1 3 0 0 
   d 37 1 3 0 0
 n Rkata 9
  c tx 3
   d 0 0.292063 3 0 0
   d 1 0.292063 3 0 0 
   d 37 0.292063 3 0 0 
  c ty 4
   d 0 0.2826 3 0 0
   d 1 0.2826 3 0 0 
   d 18 0.233612 3 0 0 
   d 37 0.2826 3 0 0 
  c tz 4
   d 0 0.133156 3 0 0
   d 1 0.133156 3 0 0 
   d 18 0.102088 3 0 0 
   d 37 0.133156 3 0 0 
  c rx 3
   d 0 0 3 0 0
   d 1 0 3 0 0 
   d 37 0 3 0 0 
  c ry 3
   d 0 0 3 0 0
   d 1 0 3 0 0 
   d 37 0 3 0 0 
  c rz 3
   d 0 0 3 0 0
   d 1 0 3 0 0 
   d 37 0 3 0 0 
  c sx 3
   d 0 1 3 0 0
   d 1 1 3 0 0 
   d 37 1 3 0 0 
  c sy 3
   d 0 1 3 0 0
   d 1 1 3 0 0 
   d 37 1 3 0 0 
  c sz 3
   d 0 1 3 0 0
   d 1 1 3 0 0 
   d 37 1 3 0 0 
 n Rkata2 9
  c tx 3
   d 0 0.312812 3 0 0
   d 1 0.312812 3 0 0 
   d 37 0.312812 3 0 0
  c ty 3
   d 0 -0.166833 3 0 0
   d 1 -0.166833 3 0 0 
   d 37 -0.166833 3 0 0
  c tz 3
   d 0 0 3 0 0
   d 1 0 3 0 0 
   d 37 0 3 0 0
  c rx 3
   d 0 0 3 0 0
   d 1 0 3 0 0 
   d 37 0 3 0 0
  c ry 3
   d 0 0 3 0 0
   d 1 0 3 0 0 
   d 37 0 3 0 0
  c rz 3
   d 0 -1.675516 3 0 0
   d 1 -1.675516 3 0 0 
   d 37 -1.675516 3 0 0
  c sx 3
   d 0 1 3 0 0
   d 1 1 3 0 0 
   d 37 1 3 0 0
  c sy 3
   d 0 1 3 0 0
   d 1 1 3 0 0 
   d 37 1 3 0 0
  c sz 3
   d 0 1 3 0 0
   d 1 1 3 0 0 
   d 37 1 3 0 0
 n Rhizi 9
  c tx 3
   d 0 0.410131 3 0 0
   d 1 0.410131 3 0 0 
   d 37 0.410131 3 0 0
  c ty 3
   d 0 0.006951 3 0 0
   d 1 0.006951 3 0 0 
   d 37 0.006951 3 0 0
  c tz 3
   d 0 0 3 0 0
   d 1 0 3 0 0 
   d 37 0 3 0 0
  c rx 3
   d 0 0 3 0 0
   d 1 0 3 0 0 
   d 37 0 3 0 0
  c ry 3
   d 0 0 3 0 0
   d 1 0 3 0 0 
   d 37 0 3 0 0
  c rz 3
   d 0 0 3 0 0
   d 1 0 3 0 0 
   d 37 0 3 0 0
  c sx 3
   d 0 1 3 0 0
   d 1 1 3 0 0 
   d 37 1 3 0 0
  c sy 3
   d 0 1 3 0 0
   d 1 1 3 0 0 
   d 37 1 3 0 0
  c sz 3
   d 0 1 3 0 0
   d 1 1 3 0 0 
   d 37 1 3 0 0
 n Rtekubi 9
  c tx 3
   d 0 0.341334 3 0 0
   d 1 0.341334 3 0 0 
   d 37 0.341334 3 0 0
  c ty 3
   d 0 0.01084 3 0 0
   d 1 0.01084 3 0 0 
   d 37 0.01084 3 0 0
  c tz 3
   d 0 0 3 0 0
   d 1 0 3 0 0 
   d 37 0 3 0 0
  c rx 3
   d 0 0 3 0 0
   d 1 0 3 0 0 
   d 37 0 3 0 0
  c ry 3
   d 0 0 3 0 0
   d 1 0 3 0 0 
   d 37 0 3 0 0
  c rz 3
   d 0 0 3 0 0
   d 1 0 3 0 0 
   d 37 0 3 0 0
  c sx 3
   d 0 1 3 0 0
   d 1 1 3 0 0 
   d 37 1 3 0 0
  c sy 3
   d 0 1 3 0 0
   d 1 1 3 0 0 
   d 37 1 3 0 0
  c sz 3
   d 0 1 3 0 0
   d 1 1 3 0 0 
   d 37 1 3 0 0
 n Royayubi 9
  c tx 3
   d 0 0.163848 3 0 0
   d 1 0.163848 3 0 0 
   d 37 0.163848 3 0 0
  c ty 3
   d 0 -0.032923 3 0 0
   d 1 -0.032923 3 0 0 
   d 37 -0.032923 3 0 0
  c tz 3
   d 0 0.113418 3 0 0
   d 1 0.113418 3 0 0 
   d 37 0.113418 3 0 0
  c rx 3
   d 0 0 3 0 0
   d 1 0 3 0 0 
   d 37 0 3 0 0
  c ry 3
   d 0 0 3 0 0
   d 1 0 3 0 0 
   d 37 0 3 0 0
  c rz 3
   d 0 0 3 0 0
   d 1 0 3 0 0 
   d 37 0 3 0 0
  c sx 3
   d 0 1 3 0 0
   d 1 1 3 0 0 
   d 37 1 3 0 0
  c sy 3
   d 0 1 3 0 0
   d 1 1 3 0 0 
   d 37 1 3 0 0
  c sz 3
   d 0 1 3 0 0
   d 1 1 3 0 0 
   d 37 1 3 0 0
 n R_oyayubisaki 9
  c tx 3
   d 0 0.040958 3 0 0
   d 1 0.040958 3 0 0 
   d 37 0.040958 3 0 0
  c ty 3
   d 0 -0.03406 3 0 0
   d 1 -0.03406 3 0 0 
   d 37 -0.03406 3 0 0
  c tz 3
   d 0 0.094383 3 0 0
   d 1 0.094383 3 0 0 
   d 37 0.094383 3 0 0
  c rx 3
   d 0 0 3 0 0
   d 1 0 3 0 0 
   d 37 0 3 0 0
  c ry 3
   d 0 0 3 0 0
   d 1 0 3 0 0 
   d 37 0 3 0 0
  c rz 3
   d 0 0 3 0 0
   d 1 0 3 0 0 
   d 37 0 3 0 0
  c sx 3
   d 0 1 3 0 0
   d 1 1 3 0 0 
   d 37 1 3 0 0
  c sy 3
   d 0 1 3 0 0
   d 1 1 3 0 0 
   d 37 1 3 0 0
  c sz 3
   d 0 1 3 0 0
   d 1 1 3 0 0 
   d 37 1 3 0 0
 n R_te 9
  c tx 3
   d 0 0.169592 3 0 0
   d 1 0.169592 3 0 0 
   d 37 0.169592 3 0 0
  c ty 3
   d 0 0.024237 3 0 0
   d 1 0.024237 3 0 0 
   d 37 0.024237 3 0 0
  c tz 3
   d 0 0 3 0 0
   d 1 0 3 0 0 
   d 37 0 3 0 0
  c rx 3
   d 0 0 3 0 0
   d 1 0 3 0 0 
   d 37 0 3 0 0
  c ry 3
   d 0 0 3 0 0
   d 1 0 3 0 0 
   d 37 0 3 0 0
  c rz 3
   d 0 0 3 0 0
   d 1 0 3 0 0 
   d 37 0 3 0 0
  c sx 3
   d 0 1 3 0 0
   d 1 1 3 0 0 
   d 37 1 3 0 0
  c sy 3
   d 0 1 3 0 0
   d 1 1 3 0 0 
   d 37 1 3 0 0
  c sz 3
   d 0 1 3 0 0
   d 1 1 3 0 0 
   d 37 1 3 0 0
 n R_yubisaki 9
  c tx 3
   d 0 0.15293 3 0 0
   d 1 0.15293 3 0 0 
   d 37 0.15293 3 0 0
  c ty 3
   d 0 0.016101 3 0 0
   d 1 0.016101 3 0 0 
   d 37 0.016101 3 0 0
  c tz 3
   d 0 0.041092 3 0 0
   d 1 0.041092 3 0 0 
   d 37 0.041092 3 0 0
  c rx 3
   d 0 0 3 0 0
   d 1 0 3 0 0 
   d 37 0 3 0 0
  c ry 3
   d 0 0 3 0 0
   d 1 0 3 0 0 
   d 37 0 3 0 0
  c rz 3
   d 0 0 3 0 0
   d 1 0 3 0 0 
   d 37 0 3 0 0
  c sx 3
   d 0 1 3 0 0
   d 1 1 3 0 0 
   d 37 1 3 0 0
  c sy 3
   d 0 1 3 0 0
   d 1 1 3 0 0 
   d 37 1 3 0 0
  c sz 3
   d 0 1 3 0 0
   d 1 1 3 0 0 
   d 37 1 3 0 0
 n Lkata 9
  c tx 3
   d 0 -0.292063 3 0 0
   d 1 -0.292063 3 0 0 
   d 37 -0.292063 3 0 0 
  c ty 4
   d 0 0.282598 3 0 0
   d 1 0.282598 3 0 0 
   d 18 0.23361 3 0 0 
   d 37 0.282598 3 0 0 
  c tz 4
   d 0 0.133156 3 0 0
   d 1 0.133156 3 0 0 
   d 18 0.102088 3 0 0 
   d 37 0.133156 3 0 0 
  c rx 3
   d 0 0 3 0 0
   d 1 0 3 0 0 
   d 37 0 3 0 0 
  c ry 3
   d 0 0 3 0 0
   d 1 0 3 0 0 
   d 37 0 3 0 0 
  c rz 3
   d 0 0 3 0 0
   d 1 0 3 0 0 
   d 37 0 3 0 0 
  c sx 3
   d 0 1 3 0 0
   d 1 1 3 0 0 
   d 37 1 3 0 0 
  c sy 3
   d 0 1 3 0 0
   d 1 1 3 0 0 
   d 37 1 3 0 0 
  c sz 3
   d 0 1 3 0 0
   d 1 1 3 0 0 
   d 37 1 3 0 0 
 n Lkata2 9
  c tx 3
   d 0 -0.312812 3 0 0
   d 1 -0.312812 3 0 0 
   d 37 -0.312812 3 0 0
  c ty 3
   d 0 -0.16683 3 0 0
   d 1 -0.16683 3 0 0 
   d 37 -0.16683 3 0 0
  c tz 3
   d 0 0 3 0 0
   d 1 0 3 0 0 
   d 37 0 3 0 0
  c rx 3
   d 0 0 3 0 0
   d 1 0 3 0 0 
   d 37 0 3 0 0
  c ry 3
   d 0 0 3 0 0
   d 1 0 3 0 0 
   d 37 0 3 0 0
  c rz 3
   d 0 1.675516 3 0 0
   d 1 1.675516 3 0 0 
   d 37 1.675516 3 0 0
  c sx 3
   d 0 1 3 0 0
   d 1 1 3 0 0 
   d 37 1 3 0 0
  c sy 3
   d 0 1 3 0 0
   d 1 1 3 0 0 
   d 37 1 3 0 0
  c sz 3
   d 0 1 3 0 0
   d 1 1 3 0 0 
   d 37 1 3 0 0
 n Lhizi 9
  c tx 3
   d 0 -0.410132 3 0 0
   d 1 -0.410132 3 0 0 
   d 37 -0.410132 3 0 0
  c ty 3
   d 0 0.00695 3 0 0
   d 1 0.00695 3 0 0 
   d 37 0.00695 3 0 0
  c tz 3
   d 0 0 3 0 0
   d 1 0 3 0 0 
   d 37 0 3 0 0
  c rx 3
   d 0 0 3 0 0
   d 1 0 3 0 0 
   d 37 0 3 0 0
  c ry 3
   d 0 0 3 0 0
   d 1 0 3 0 0 
   d 37 0 3 0 0
  c rz 3
   d 0 0 3 0 0
   d 1 0 3 0 0 
   d 37 0 3 0 0
  c sx 3
   d 0 1 3 0 0
   d 1 1 3 0 0 
   d 37 1 3 0 0
  c sy 3
   d 0 1 3 0 0
   d 1 1 3 0 0 
   d 37 1 3 0 0
  c sz 3
   d 0 1 3 0 0
   d 1 1 3 0 0 
   d 37 1 3 0 0
 n Ltekubi 9
  c tx 3
   d 0 -0.34133 3 0 0
   d 1 -0.34133 3 0 0 
   d 37 -0.34133 3 0 0
  c ty 3
   d 0 0.01084 3 0 0
   d 1 0.01084 3 0 0 
   d 37 0.01084 3 0 0
  c tz 3
   d 0 0 3 0 0
   d 1 0 3 0 0 
   d 37 0 3 0 0
  c rx 3
   d 0 0 3 0 0
   d 1 0 3 0 0 
   d 37 0 3 0 0
  c ry 3
   d 0 0 3 0 0
   d 1 0 3 0 0 
   d 37 0 3 0 0
  c rz 3
   d 0 0 3 0 0
   d 1 0 3 0 0 
   d 37 0 3 0 0
  c sx 3
   d 0 1 3 0 0
   d 1 1 3 0 0 
   d 37 1 3 0 0
  c sy 3
   d 0 1 3 0 0
   d 1 1 3 0 0 
   d 37 1 3 0 0
  c sz 3
   d 0 1 3 0 0
   d 1 1 3 0 0 
   d 37 1 3 0 0
 n Loyayubi 9
  c tx 3
   d 0 -0.16385 3 0 0
   d 1 -0.16385 3 0 0 
   d 37 -0.16385 3 0 0
  c ty 3
   d 0 -0.03292 3 0 0
   d 1 -0.03292 3 0 0 
   d 37 -0.03292 3 0 0
  c tz 3
   d 0 0.113418 3 0 0
   d 1 0.113418 3 0 0 
   d 37 0.113418 3 0 0
  c rx 3
   d 0 0 3 0 0
   d 1 0 3 0 0 
   d 37 0 3 0 0
  c ry 3
   d 0 0 3 0 0
   d 1 0 3 0 0 
   d 37 0 3 0 0
  c rz 3
   d 0 0 3 0 0
   d 1 0 3 0 0 
   d 37 0 3 0 0
  c sx 3
   d 0 1 3 0 0
   d 1 1 3 0 0 
   d 37 1 3 0 0
  c sy 3
   d 0 1 3 0 0
   d 1 1 3 0 0 
   d 37 1 3 0 0
  c sz 3
   d 0 1 3 0 0
   d 1 1 3 0 0 
   d 37 1 3 0 0
 n L_oyayubisaki 9
  c tx 3
   d 0 -0.04096 3 0 0
   d 1 -0.04096 3 0 0 
   d 37 -0.04096 3 0 0
  c ty 3
   d 0 -0.03406 3 0 0
   d 1 -0.03406 3 0 0 
   d 37 -0.03406 3 0 0
  c tz 3
   d 0 0.094383 3 0 0
   d 1 0.094383 3 0 0 
   d 37 0.094383 3 0 0
  c rx 3
   d 0 0 3 0 0
   d 1 0 3 0 0 
   d 37 0 3 0 0
  c ry 3
   d 0 0 3 0 0
   d 1 0 3 0 0 
   d 37 0 3 0 0
  c rz 3
   d 0 0 3 0 0
   d 1 0 3 0 0 
   d 37 0 3 0 0
  c sx 3
   d 0 1 3 0 0
   d 1 1 3 0 0 
   d 37 1 3 0 0
  c sy 3
   d 0 1 3 0 0
   d 1 1 3 0 0 
   d 37 1 3 0 0
  c sz 3
   d 0 1 3 0 0
   d 1 1 3 0 0 
   d 37 1 3 0 0
 n L_te 9
  c tx 3
   d 0 -0.1696 3 0 0
   d 1 -0.1696 3 0 0 
   d 37 -0.1696 3 0 0
  c ty 3
   d 0 0.02424 3 0 0
   d 1 0.02424 3 0 0 
   d 37 0.02424 3 0 0
  c tz 3
   d 0 0 3 0 0
   d 1 0 3 0 0 
   d 37 0 3 0 0
  c rx 3
   d 0 0 3 0 0
   d 1 0 3 0 0 
   d 37 0 3 0 0
  c ry 3
   d 0 0 3 0 0
   d 1 0 3 0 0 
   d 37 0 3 0 0
  c rz 3
   d 0 0 3 0 0
   d 1 0 3 0 0 
   d 37 0 3 0 0
  c sx 3
   d 0 1 3 0 0
   d 1 1 3 0 0 
   d 37 1 3 0 0
  c sy 3
   d 0 1 3 0 0
   d 1 1 3 0 0 
   d 37 1 3 0 0
  c sz 3
   d 0 1 3 0 0
   d 1 1 3 0 0 
   d 37 1 3 0 0
 n L_yubisaki 9
  c tx 3
   d 0 -0.15293 3 0 0
   d 1 -0.15293 3 0 0 
   d 37 -0.15293 3 0 0
  c ty 3
   d 0 0.0161 3 0 0
   d 1 0.0161 3 0 0 
   d 37 0.0161 3 0 0
  c tz 3
   d 0 0.041092 3 0 0
   d 1 0.041092 3 0 0 
   d 37 0.041092 3 0 0
  c rx 3
   d 0 0 3 0 0
   d 1 0 3 0 0 
   d 37 0 3 0 0
  c ry 3
   d 0 0 3 0 0
   d 1 0 3 0 0 
   d 37 0 3 0 0
  c rz 3
   d 0 0 3 0 0
   d 1 0 3 0 0 
   d 37 0 3 0 0
  c sx 3
   d 0 1 3 0 0
   d 1 1 3 0 0 
   d 37 1 3 0 0
  c sy 3
   d 0 1 3 0 0
   d 1 1 3 0 0 
   d 37 1 3 0 0
  c sz 3
   d 0 1 3 0 0
   d 1 1 3 0 0 
   d 37 1 3 0 0
 n L_momo 9
  c tx 3
   d 0 -0.154332 3 0 0
   d 1 -0.154332 3 0 0 
   d 37 -0.154332 3 0 0
  c ty 3
   d 0 -0.064085 3 0 0
   d 1 -0.064085 3 0 0 
   d 37 -0.064085 3 0 0
  c tz 3
   d 0 0.160828 3 0 0
   d 1 0.160828 3 0 0 
   d 37 0.160828 3 0 0
  c rx 3
   d 0 0 3 0 0
   d 1 0 3 0 0 
   d 37 0 3 0 0
  c ry 3
   d 0 0 3 0 0
   d 1 0 3 0 0 
   d 37 0 3 0 0
  c rz 3
   d 0 0 3 0 0
   d 1 0 3 0 0 
   d 37 0 3 0 0
  c sx 3
   d 0 1 3 0 0
   d 1 1 3 0 0 
   d 37 1 3 0 0
  c sy 3
   d 0 1 3 0 0
   d 1 1 3 0 0 
   d 37 1 3 0 0
  c sz 3
   d 0 1 3 0 0
   d 1 1 3 0 0 
   d 37 1 3 0 0
 n L_momo2 9
  c tx 4
   d 0 -0.169189 3 0 0
   d 1 -0.169189 3 0 0 
   d 18 -0.169189 3 0 0 
   d 37 -0.169189 3 0 0
  c ty 4
   d 0 -0.217188 3 0 0
   d 1 -0.217188 3 0 0 
   d 18 -0.234937 3 0 0 
   d 37 -0.217186 3 0 0 
  c tz 4
   d 0 0.280954 3 0 0
   d 1 0.280954 3 0 0 
   d 18 0.280954 3 0 0 
   d 37 0.280954 3 0 0
  c rx 4
   d 0 0 3 0 0
   d 1 0 3 0 0 
   d 18 0 3 0 0 
   d 37 0 3 0 0
  c ry 4
   d 0 0 3 0 0
   d 1 0 3 0 0 
   d 18 0 3 0 0 
   d 37 0 3 0 0
  c rz 4
   d 0 0 3 0 0
   d 1 0 3 0 0 
   d 18 0 3 0 0 
   d 37 0 3 0 0
  c sx 4
   d 0 1 3 0 0
   d 1 1 3 0 0 
   d 18 1 3 0 0 
   d 37 1 3 0 0
  c sy 4
   d 0 1 3 0 0
   d 1 1 3 0 0 
   d 18 1 3 0 0 
   d 37 1 3 0 0
  c sz 4
   d 0 1 3 0 0
   d 1 1 3 0 0 
   d 18 1 3 0 0 
   d 37 1 3 0 0
 n Lhiza 9
  c tx 3
   d 0 -0.017421 3 0 0
   d 1 -0.017421 3 0 0 
   d 37 -0.017421 3 0 0
  c ty 3
   d 0 -0.310168 3 0 0
   d 1 -0.310168 3 0 0 
   d 37 -0.310168 3 0 0
  c tz 3
   d 0 -0.434235 3 0 0
   d 1 -0.434235 3 0 0 
   d 37 -0.434235 3 0 0
  c rx 3
   d 0 0 3 0 0
   d 1 0 3 0 0 
   d 37 0 3 0 0
  c ry 3
   d 0 0 3 0 0
   d 1 0 3 0 0 
   d 37 0 3 0 0
  c rz 3
   d 0 0 3 0 0
   d 1 0 3 0 0 
   d 37 0 3 0 0
  c sx 3
   d 0 1 3 0 0
   d 1 1 3 0 0 
   d 37 1 3 0 0
  c sy 3
   d 0 1 3 0 0
   d 1 1 3 0 0 
   d 37 1 3 0 0
  c sz 3
   d 0 1 3 0 0
   d 1 1 3 0 0 
   d 37 1 3 0 0
 n Lasikubi 9
  c tx 3
   d 0 -0.005127 3 0 0
   d 1 -0.005127 3 0 0 
   d 37 -0.005127 3 0 0
  c ty 3
   d 0 -0.51465 3 0 0
   d 1 -0.51465 3 0 0 
   d 37 -0.51465 3 0 0
  c tz 3
   d 0 0.128662 3 0 0
   d 1 0.128662 3 0 0 
   d 37 0.128662 3 0 0
  c rx 3
   d 0 0 3 0 0
   d 1 0 3 0 0 
   d 37 0 3 0 0
  c ry 3
   d 0 0 3 0 0
   d 1 0 3 0 0 
   d 37 0 3 0 0
  c rz 3
   d 0 0 3 0 0
   d 1 0 3 0 0 
   d 37 0 3 0 0
  c sx 3
   d 0 1 3 0 0
   d 1 1 3 0 0 
   d 37 1 3 0 0
  c sy 3
   d 0 1 3 0 0
   d 1 1 3 0 0 
   d 37 1 3 0 0
  c sz 3
   d 0 1 3 0 0
   d 1 1 3 0 0 
   d 37 1 3 0 0
 n L_asasaki 9
  c tx 3
   d 0 0 3 0 0
   d 1 0 3 0 0 
   d 37 0 3 0 0
  c ty 3
   d 0 -0 3 0 0
   d 1 -0 3 0 0 
   d 37 -0 3 0 0
  c tz 3
   d 0 0.250432 3 0 0
   d 1 0.250432 3 0 0 
   d 37 0.250432 3 0 0
  c rx 3
   d 0 0 3 0 0
   d 1 0 3 0 0 
   d 37 0 3 0 0
  c ry 3
   d 0 0 3 0 0
   d 1 0 3 0 0 
   d 37 0 3 0 0
  c rz 3
   d 0 0 3 0 0
   d 1 0 3 0 0 
   d 37 0 3 0 0
  c sx 3
   d 0 1 3 0 0
   d 1 1 3 0 0 
   d 37 1 3 0 0
  c sy 3
   d 0 1 3 0 0
   d 1 1 3 0 0 
   d 37 1 3 0 0
  c sz 3
   d 0 1 3 0 0
   d 1 1 3 0 0 
   d 37 1 3 0 0
}
