a Boss_down 39
{
 n RootNode 0
 n minoutaurosu 0
 n pPlane1 0
 n pPlane2 0
 n LO 9
  c tx 3
   d 0 -0 3 0 0 
   d 1 -0 3 0 0 
   d 37 -0 3 0 0
  c ty 5
   d 0 1.159088 3 0 0 
   d 1 1.159088 3 0 0 
   d 13 1.208093 3 0 0 
   d 21 0.856936 3 0 0 
   d 37 0.856936 3 0 0
  c tz 3
   d 0 -0.257325 3 0 0 
   d 1 -0.257325 3 0 0 
   d 37 -0.257325 3 0 0
  c rx 3
   d 0 0 3 0 0 
   d 1 0 3 0 0 
   d 37 0 3 0 0
  c ry 3
   d 0 0 3 0 0 
   d 1 0 3 0 0 
   d 37 0 3 0 0
  c rz 3
   d 0 0 3 0 0 
   d 1 0 3 0 0 
   d 37 0 3 0 0
  c sx 3
   d 0 1 3 0 0 
   d 1 1 3 0 0 
   d 37 1 3 0 0
  c sy 3
   d 0 1 3 0 0 
   d 1 1 3 0 0 
   d 37 1 3 0 0
  c sz 3
   d 0 1 3 0 0 
   d 1 1 3 0 0 
   d 37 1 3 0 0
 n R_momo 9
  c tx 3
   d 0 0.154332 3 0 0 
   d 1 0.154332 3 0 0 
   d 37 0.154332 3 0 0
  c ty 3
   d 0 -0.064087 3 0 0 
   d 1 -0.064087 3 0 0 
   d 37 -0.064087 3 0 0
  c tz 3
   d 0 0.160828 3 0 0 
   d 1 0.160828 3 0 0 
   d 37 0.160828 3 0 0
  c rx 4
   d 0 0 3 0 0 
   d 1 0 3 0 0 
   d 21 1.643038 3 0 0 
   d 37 1.643038 3 0 0
  c ry 3
   d 0 0 3 0 0 
   d 1 0 3 0 0 
   d 37 0 3 0 0
  c rz 3
   d 0 0 3 0 0 
   d 1 0 3 0 0 
   d 37 0 3 0 0
  c sx 3
   d 0 1 3 0 0 
   d 1 1 3 0 0 
   d 37 1 3 0 0
  c sy 3
   d 0 1 3 0 0 
   d 1 1 3 0 0 
   d 37 1 3 0 0
  c sz 3
   d 0 1 3 0 0 
   d 1 1 3 0 0 
   d 37 1 3 0 0
 n R_momo2 9
  c tx 3
   d 0 0.169189 3 0 0 
   d 1 0.169189 3 0 0 
   d 37 0.169189 3 0 0
  c ty 3
   d 0 -0.217186 3 0 0 
   d 1 -0.217186 3 0 0 
   d 37 -0.217186 3 0 0
  c tz 3
   d 0 0.280954 3 0 0 
   d 1 0.280954 3 0 0 
   d 37 0.280954 3 0 0
  c rx 7
   d 0 0 3 0 0 
   d 1 0 3 0 0 
   d 5 -0.05314 3 -0.10266 -0.06844 
   d 7 -0.211758 3 -0.17376 -0.26064 
   d 11 -0.590763 3 -0.330055 -0.330055 
   d 15 -1.028725 3 0 0 
   d 37 -1.028725 3 0 0
  c ry 3
   d 0 0 3 0 0 
   d 1 0 3 0 0 
   d 37 0 3 0 0
  c rz 3
   d 0 0 3 0 0 
   d 1 0 3 0 0 
   d 37 0 3 0 0
  c sx 3
   d 0 1 3 0 0 
   d 1 1 3 0 0 
   d 37 1 3 0 0
  c sy 3
   d 0 1 3 0 0 
   d 1 1 3 0 0 
   d 37 1 3 0 0
  c sz 3
   d 0 1 3 0 0 
   d 1 1 3 0 0 
   d 37 1 3 0 0
 n Rhiza 9
  c tx 4
   d 0 0.017421 3 0 0 
   d 1 0.017421 3 0 0 
   d 21 0.017421 3 0 0 
   d 37 0.017421 3 0 0
  c ty 4
   d 0 -0.310168 3 0 0 
   d 1 -0.310168 3 0 0 
   d 21 -0.310168 3 0 0 
   d 37 -0.310168 3 0 0
  c tz 4
   d 0 -0.434235 3 0 0 
   d 1 -0.434235 3 0 0 
   d 21 -0.434235 3 0 0 
   d 37 -0.434235 3 0 0
  c rx 4
   d 0 0 3 0 0 
   d 1 0 3 0 0 
   d 21 0.185091 3 0 0 
   d 37 0.185091 3 0 0
  c ry 4
   d 0 0 3 0 0 
   d 1 0 3 0 0 
   d 21 0 3 0 0 
   d 37 0 3 0 0
  c rz 4
   d 0 0 3 0 0 
   d 1 0 3 0 0 
   d 21 0 3 0 0 
   d 37 0 3 0 0
  c sx 4
   d 0 1 3 0 0 
   d 1 1 3 0 0 
   d 21 1 3 0 0 
   d 37 1 3 0 0
  c sy 4
   d 0 1 3 0 0 
   d 1 1 3 0 0 
   d 21 1 3 0 0 
   d 37 1 3 0 0
  c sz 4
   d 0 1 3 0 0 
   d 1 1 3 0 0 
   d 21 1 3 0 0 
   d 37 1 3 0 0
 n Rasikubi 9
  c tx 3
   d 0 0.005127 3 0 0 
   d 1 0.005127 3 0 0 
   d 37 0.005127 3 0 0
  c ty 3
   d 0 -0.514649 3 0 0 
   d 1 -0.514649 3 0 0 
   d 37 -0.514649 3 0 0
  c tz 3
   d 0 0.128662 3 0 0 
   d 1 0.128662 3 0 0 
   d 37 0.128662 3 0 0
  c rx 6
   d 0 0 3 0 0 
   d 1 0 3 0 0 
   d 8 -0.250802 3 -0.046888 -0.040189 
   d 15 -0.264618 3 -0.040189 -0.040189 
   d 21 -0.708423 3 0 0 
   d 37 -0.708423 3 0 0
  c ry 3
   d 0 0 3 0 0 
   d 1 0 3 0 0 
   d 37 0 3 0 0
  c rz 3
   d 0 0 3 0 0 
   d 1 0 3 0 0 
   d 37 0 3 0 0
  c sx 3
   d 0 1 3 0 0 
   d 1 1 3 0 0 
   d 37 1 3 0 0
  c sy 3
   d 0 1 3 0 0 
   d 1 1 3 0 0 
   d 37 1 3 0 0
  c sz 3
   d 0 1 3 0 0 
   d 1 1 3 0 0 
   d 37 1 3 0 0
 n R_asasaki 9
  c tx 3
   d 0 -0 3 0 0 
   d 1 -0 3 0 0 
   d 37 -0 3 0 0
  c ty 3
   d 0 0 3 0 0 
   d 1 0 3 0 0 
   d 37 0 3 0 0
  c tz 3
   d 0 0.250432 3 0 0 
   d 1 0.250432 3 0 0 
   d 37 0.250432 3 0 0
  c rx 3
   d 0 0 3 0 0 
   d 1 0 3 0 0 
   d 37 0 3 0 0
  c ry 3
   d 0 0 3 0 0 
   d 1 0 3 0 0 
   d 37 0 3 0 0
  c rz 3
   d 0 0 3 0 0 
   d 1 0 3 0 0 
   d 37 0 3 0 0
  c sx 3
   d 0 1 3 0 0 
   d 1 1 3 0 0 
   d 37 1 3 0 0
  c sy 3
   d 0 1 3 0 0 
   d 1 1 3 0 0 
   d 37 1 3 0 0
  c sz 3
   d 0 1 3 0 0 
   d 1 1 3 0 0 
   d 37 1 3 0 0
 n kosi 9
  c tx 3
   d 0 0 3 0 0 
   d 1 0 3 0 0 
   d 37 0 3 0 0
  c ty 3
   d 0 0.240967 3 0 0 
   d 1 0.240967 3 0 0 
   d 37 0.240967 3 0 0
  c tz 3
   d 0 -0 3 0 0 
   d 1 -0 3 0 0 
   d 37 -0 3 0 0
  c rx 4
   d 0 0 3 0 0 
   d 1 0 3 0 0 
   d 21 0.706305 3 0 0 
   d 37 0.706305 3 0 0
  c ry 3
   d 0 0 3 0 0 
   d 1 0 3 0 0 
   d 37 0 3 0 0
  c rz 3
   d 0 0 3 0 0 
   d 1 0 3 0 0 
   d 37 0 3 0 0
  c sx 3
   d 0 1 3 0 0 
   d 1 1 3 0 0 
   d 37 1 3 0 0
  c sy 3
   d 0 1 3 0 0 
   d 1 1 3 0 0 
   d 37 1 3 0 0
  c sz 3
   d 0 1 3 0 0 
   d 1 1 3 0 0 
   d 37 1 3 0 0
 n mune 9
  c tx 3
   d 0 0.003087 3 0 0 
   d 1 0.003087 3 0 0 
   d 37 0.003087 3 0 0
  c ty 3
   d 0 0.481933 3 0 0 
   d 1 0.481933 3 0 0 
   d 37 0.481933 3 0 0
  c tz 3
   d 0 0.257325 3 0 0 
   d 1 0.257325 3 0 0 
   d 37 0.257325 3 0 0
  c rx 3
   d 0 0 3 0 0 
   d 1 0 3 0 0 
   d 37 0 3 0 0
  c ry 3
   d 0 0 3 0 0 
   d 1 0 3 0 0 
   d 37 0 3 0 0
  c rz 3
   d 0 0 3 0 0 
   d 1 0 3 0 0 
   d 37 0 3 0 0
  c sx 3
   d 0 1 3 0 0 
   d 1 1 3 0 0 
   d 37 1 3 0 0
  c sy 3
   d 0 1 3 0 0 
   d 1 1 3 0 0 
   d 37 1 3 0 0
  c sz 3
   d 0 1 3 0 0 
   d 1 1 3 0 0 
   d 37 1 3 0 0
 n kubi 9
  c tx 3
   d 0 0 3 0 0 
   d 1 0 3 0 0 
   d 37 0 3 0 0
  c ty 3
   d 0 0.478217 3 0 0 
   d 1 0.478217 3 0 0 
   d 37 0.478217 3 0 0
  c tz 3
   d 0 0.283251 3 0 0 
   d 1 0.283251 3 0 0 
   d 37 0.283251 3 0 0
  c rx 3
   d 0 0 3 0 0 
   d 1 0 3 0 0 
   d 37 0 3 0 0
  c ry 3
   d 0 0 3 0 0 
   d 1 0 3 0 0 
   d 37 0 3 0 0
  c rz 3
   d 0 0 3 0 0 
   d 1 0 3 0 0 
   d 37 0 3 0 0
  c sx 3
   d 0 1 3 0 0 
   d 1 1 3 0 0 
   d 37 1 3 0 0
  c sy 3
   d 0 1 3 0 0 
   d 1 1 3 0 0 
   d 37 1 3 0 0
  c sz 3
   d 0 1 3 0 0 
   d 1 1 3 0 0 
   d 37 1 3 0 0
 n joint5 9
  c tx 3
   d 0 0 3 0 0 
   d 1 0 3 0 0 
   d 37 0 3 0 0
  c ty 3
   d 0 0.160828 3 0 0 
   d 1 0.160828 3 0 0 
   d 37 0.160828 3 0 0
  c tz 3
   d 0 0.213671 3 0 0 
   d 1 0.213671 3 0 0 
   d 37 0.213671 3 0 0
  c rx 4
   d 0 0 3 0 0 
   d 1 0 3 0 0 
   d 26 0.729126 3 0 0 
   d 37 0.729126 3 0 0
  c ry 3
   d 0 0 3 0 0 
   d 1 0 3 0 0 
   d 37 0 3 0 0
  c rz 3
   d 0 0 3 0 0 
   d 1 0 3 0 0 
   d 37 0 3 0 0
  c sx 3
   d 0 1 3 0 0 
   d 1 1 3 0 0 
   d 37 1 3 0 0
  c sy 3
   d 0 1 3 0 0 
   d 1 1 3 0 0 
   d 37 1 3 0 0
  c sz 3
   d 0 1 3 0 0 
   d 1 1 3 0 0 
   d 37 1 3 0 0
 n joint6 9
  c tx 3
   d 0 -0 3 0 0 
   d 1 -0 3 0 0 
   d 37 -0 3 0 0
  c ty 3
   d 0 -0.151638 3 0 0 
   d 1 -0.151638 3 0 0 
   d 37 -0.151638 3 0 0
  c tz 3
   d 0 0.243539 3 0 0 
   d 1 0.243539 3 0 0 
   d 37 0.243539 3 0 0
  c rx 3
   d 0 0 3 0 0 
   d 1 0 3 0 0 
   d 37 0 3 0 0
  c ry 3
   d 0 0 3 0 0 
   d 1 0 3 0 0 
   d 37 0 3 0 0
  c rz 3
   d 0 0 3 0 0 
   d 1 0 3 0 0 
   d 37 0 3 0 0
  c sx 3
   d 0 1 3 0 0 
   d 1 1 3 0 0 
   d 37 1 3 0 0
  c sy 3
   d 0 1 3 0 0 
   d 1 1 3 0 0 
   d 37 1 3 0 0
  c sz 3
   d 0 1 3 0 0 
   d 1 1 3 0 0 
   d 37 1 3 0 0
 n joint7 9
  c tx 3
   d 0 0 3 0 0 
   d 1 0 3 0 0 
   d 37 0 3 0 0
  c ty 3
   d 0 0.020678 3 0 0 
   d 1 0.020678 3 0 0 
   d 37 0.020678 3 0 0
  c tz 3
   d 0 0.328548 3 0 0 
   d 1 0.328548 3 0 0 
   d 37 0.328548 3 0 0
  c rx 3
   d 0 0 3 0 0 
   d 1 0 3 0 0 
   d 37 0 3 0 0
  c ry 3
   d 0 0 3 0 0 
   d 1 0 3 0 0 
   d 37 0 3 0 0
  c rz 3
   d 0 0 3 0 0 
   d 1 0 3 0 0 
   d 37 0 3 0 0
  c sx 3
   d 0 1 3 0 0 
   d 1 1 3 0 0 
   d 37 1 3 0 0
  c sy 3
   d 0 1 3 0 0 
   d 1 1 3 0 0 
   d 37 1 3 0 0
  c sz 3
   d 0 1 3 0 0 
   d 1 1 3 0 0 
   d 37 1 3 0 0
 n joint8 9
  c tx 3
   d 0 -0.003087 3 0 0 
   d 1 -0.003087 3 0 0 
   d 37 -0.003087 3 0 0
  c ty 3
   d 0 -0.075819 3 0 0 
   d 1 -0.075819 3 0 0 
   d 37 -0.075819 3 0 0
  c tz 3
   d 0 0.273407 3 0 0 
   d 1 0.273407 3 0 0 
   d 37 0.273407 3 0 0
  c rx 3
   d 0 0 3 0 0 
   d 1 0 3 0 0 
   d 37 0 3 0 0
  c ry 3
   d 0 0 3 0 0 
   d 1 0 3 0 0 
   d 37 0 3 0 0
  c rz 3
   d 0 0 3 0 0 
   d 1 0 3 0 0 
   d 37 0 3 0 0
  c sx 3
   d 0 1 3 0 0 
   d 1 1 3 0 0 
   d 37 1 3 0 0
  c sy 3
   d 0 1 3 0 0 
   d 1 1 3 0 0 
   d 37 1 3 0 0
  c sz 3
   d 0 1 3 0 0 
   d 1 1 3 0 0 
   d 37 1 3 0 0
 n joint9 9
  c tx 3
   d 0 0 3 0 0 
   d 1 0 3 0 0 
   d 37 0 3 0 0
  c ty 3
   d 0 0.011488 3 0 0 
   d 1 0.011488 3 0 0 
   d 37 0.011488 3 0 0
  c tz 3
   d 0 0.312466 3 0 0 
   d 1 0.312466 3 0 0 
   d 37 0.312466 3 0 0
  c rx 3
   d 0 0 3 0 0 
   d 1 0 3 0 0 
   d 37 0 3 0 0
  c ry 3
   d 0 0 3 0 0 
   d 1 0 3 0 0 
   d 37 0 3 0 0
  c rz 3
   d 0 0 3 0 0 
   d 1 0 3 0 0 
   d 37 0 3 0 0
  c sx 3
   d 0 1 3 0 0 
   d 1 1 3 0 0 
   d 37 1 3 0 0
  c sy 3
   d 0 1 3 0 0 
   d 1 1 3 0 0 
   d 37 1 3 0 0
  c sz 3
   d 0 1 3 0 0 
   d 1 1 3 0 0 
   d 37 1 3 0 0
 n Rkata 9
  c tx 3
   d 0 0.292063 3 0 0 
   d 1 0.292063 3 0 0 
   d 37 0.292063 3 0 0
  c ty 3
   d 0 0.2826 3 0 0 
   d 1 0.2826 3 0 0 
   d 37 0.2826 3 0 0
  c tz 3
   d 0 0.133156 3 0 0 
   d 1 0.133156 3 0 0 
   d 37 0.133156 3 0 0
  c rx 3
   d 0 0 3 0 0 
   d 1 0 3 0 0 
   d 37 0 3 0 0
  c ry 3
   d 0 0 3 0 0 
   d 1 0 3 0 0 
   d 37 0 3 0 0
  c rz 3
   d 0 0 3 0 0 
   d 1 0 3 0 0 
   d 37 0 3 0 0
  c sx 3
   d 0 1 3 0 0 
   d 1 1 3 0 0 
   d 37 1 3 0 0
  c sy 3
   d 0 1 3 0 0 
   d 1 1 3 0 0 
   d 37 1 3 0 0
  c sz 3
   d 0 1 3 0 0 
   d 1 1 3 0 0 
   d 37 1 3 0 0
 n Rkata2 9
  c tx 3
   d 0 0.312812 3 0 0 
   d 1 0.312812 3 0 0 
   d 37 0.312812 3 0 0
  c ty 4
   d 0 -0.166833 3 0 0 
   d 1 -0.166833 3 0 0 
   d 21 -0.329631 3 0 0 
   d 37 -0.329631 3 0 0
  c tz 4
   d 0 0 3 0 0 
   d 1 0 3 0 0 
   d 21 0.138887 3 0 0 
   d 37 0.138887 3 0 0
  c rx 3
   d 0 0 3 0 0 
   d 1 0 3 0 0 
   d 37 0 3 0 0
  c ry 4
   d 0 0 3 0 0 
   d 1 0 3 0 0 
   d 21 -0.719556 3 0 0 
   d 37 -0.719556 3 0 0
  c rz 3
   d 0 -1.675516 3 0 0 
   d 1 -1.675516 3 0 0 
   d 37 -1.675516 3 0 0
  c sx 3
   d 0 1 3 0 0 
   d 1 1 3 0 0 
   d 37 1 3 0 0
  c sy 3
   d 0 1 3 0 0 
   d 1 1 3 0 0 
   d 37 1 3 0 0
  c sz 3
   d 0 1 3 0 0 
   d 1 1 3 0 0 
   d 37 1 3 0 0
 n Rhizi 9
  c tx 3
   d 0 0.410131 3 0 0 
   d 1 0.410131 3 0 0 
   d 37 0.410131 3 0 0
  c ty 3
   d 0 0.006951 3 0 0 
   d 1 0.006951 3 0 0 
   d 37 0.006951 3 0 0
  c tz 3
   d 0 0 3 0 0 
   d 1 0 3 0 0 
   d 37 0 3 0 0
  c rx 3
   d 0 0 3 0 0 
   d 1 0 3 0 0 
   d 37 0 3 0 0
  c ry 3
   d 0 0 3 0 0 
   d 1 0 3 0 0 
   d 37 0 3 0 0
  c rz 3
   d 0 0 3 0 0 
   d 1 0 3 0 0 
   d 37 0 3 0 0
  c sx 3
   d 0 1 3 0 0 
   d 1 1 3 0 0 
   d 37 1 3 0 0
  c sy 3
   d 0 1 3 0 0 
   d 1 1 3 0 0 
   d 37 1 3 0 0
  c sz 3
   d 0 1 3 0 0 
   d 1 1 3 0 0 
   d 37 1 3 0 0
 n Rtekubi 9
  c tx 3
   d 0 0.341334 3 0 0 
   d 1 0.341334 3 0 0 
   d 37 0.341334 3 0 0
  c ty 3
   d 0 0.01084 3 0 0 
   d 1 0.01084 3 0 0 
   d 37 0.01084 3 0 0
  c tz 3
   d 0 0 3 0 0 
   d 1 0 3 0 0 
   d 37 0 3 0 0
  c rx 3
   d 0 0 3 0 0 
   d 1 0 3 0 0 
   d 37 0 3 0 0
  c ry 3
   d 0 0 3 0 0 
   d 1 0 3 0 0 
   d 37 0 3 0 0
  c rz 3
   d 0 0 3 0 0 
   d 1 0 3 0 0 
   d 37 0 3 0 0
  c sx 3
   d 0 1 3 0 0 
   d 1 1 3 0 0 
   d 37 1 3 0 0
  c sy 3
   d 0 1 3 0 0 
   d 1 1 3 0 0 
   d 37 1 3 0 0
  c sz 3
   d 0 1 3 0 0 
   d 1 1 3 0 0 
   d 37 1 3 0 0
 n Royayubi 9
  c tx 3
   d 0 0.163848 3 0 0 
   d 1 0.163848 3 0 0 
   d 37 0.163848 3 0 0
  c ty 3
   d 0 -0.032923 3 0 0 
   d 1 -0.032923 3 0 0 
   d 37 -0.032923 3 0 0
  c tz 3
   d 0 0.113418 3 0 0 
   d 1 0.113418 3 0 0 
   d 37 0.113418 3 0 0
  c rx 4
   d 0 0 3 0 0 
   d 1 0 3 0 0 
   d 21 1.911449 3 0 0 
   d 37 1.911449 3 0 0
  c ry 3
   d 0 0 3 0 0 
   d 1 0 3 0 0 
   d 37 0 3 0 0
  c rz 3
   d 0 0 3 0 0 
   d 1 0 3 0 0 
   d 37 0 3 0 0
  c sx 3
   d 0 1 3 0 0 
   d 1 1 3 0 0 
   d 37 1 3 0 0
  c sy 3
   d 0 1 3 0 0 
   d 1 1 3 0 0 
   d 37 1 3 0 0
  c sz 3
   d 0 1 3 0 0 
   d 1 1 3 0 0 
   d 37 1 3 0 0
 n R_oyayubisaki 9
  c tx 3
   d 0 0.040958 3 0 0 
   d 1 0.040958 3 0 0 
   d 37 0.040958 3 0 0
  c ty 3
   d 0 -0.03406 3 0 0 
   d 1 -0.03406 3 0 0 
   d 37 -0.03406 3 0 0
  c tz 3
   d 0 0.094383 3 0 0 
   d 1 0.094383 3 0 0 
   d 37 0.094383 3 0 0
  c rx 4
   d 0 0 3 0 0 
   d 1 0 3 0 0 
   d 21 2.008894 3 0 0 
   d 37 2.008894 3 0 0
  c ry 3
   d 0 0 3 0 0 
   d 1 0 3 0 0 
   d 37 0 3 0 0
  c rz 3
   d 0 0 3 0 0 
   d 1 0 3 0 0 
   d 37 0 3 0 0
  c sx 3
   d 0 1 3 0 0 
   d 1 1 3 0 0 
   d 37 1 3 0 0
  c sy 3
   d 0 1 3 0 0 
   d 1 1 3 0 0 
   d 37 1 3 0 0
  c sz 3
   d 0 1 3 0 0 
   d 1 1 3 0 0 
   d 37 1 3 0 0
 n R_te 9
  c tx 3
   d 0 0.169592 3 0 0 
   d 1 0.169592 3 0 0 
   d 37 0.169592 3 0 0
  c ty 3
   d 0 0.024237 3 0 0 
   d 1 0.024237 3 0 0 
   d 37 0.024237 3 0 0
  c tz 3
   d 0 0 3 0 0 
   d 1 0 3 0 0 
   d 37 0 3 0 0
  c rx 3
   d 0 0 3 0 0 
   d 1 0 3 0 0 
   d 37 0 3 0 0
  c ry 3
   d 0 0 3 0 0 
   d 1 0 3 0 0 
   d 37 0 3 0 0
  c rz 3
   d 0 0 3 0 0 
   d 1 0 3 0 0 
   d 37 0 3 0 0
  c sx 3
   d 0 1 3 0 0 
   d 1 1 3 0 0 
   d 37 1 3 0 0
  c sy 3
   d 0 1 3 0 0 
   d 1 1 3 0 0 
   d 37 1 3 0 0
  c sz 3
   d 0 1 3 0 0 
   d 1 1 3 0 0 
   d 37 1 3 0 0
 n R_yubisaki 9
  c tx 3
   d 0 0.15293 3 0 0 
   d 1 0.15293 3 0 0 
   d 37 0.15293 3 0 0
  c ty 3
   d 0 0.016101 3 0 0 
   d 1 0.016101 3 0 0 
   d 37 0.016101 3 0 0
  c tz 3
   d 0 0.041092 3 0 0 
   d 1 0.041092 3 0 0 
   d 37 0.041092 3 0 0
  c rx 3
   d 0 0 3 0 0 
   d 1 0 3 0 0 
   d 37 0 3 0 0
  c ry 3
   d 0 0 3 0 0 
   d 1 0 3 0 0 
   d 37 0 3 0 0
  c rz 4
   d 0 0 3 0 0 
   d 1 0 3 0 0 
   d 21 -2.750201 3 0 0 
   d 37 -2.750201 3 0 0
  c sx 3
   d 0 1 3 0 0 
   d 1 1 3 0 0 
   d 37 1 3 0 0
  c sy 3
   d 0 1 3 0 0 
   d 1 1 3 0 0 
   d 37 1 3 0 0
  c sz 3
   d 0 1 3 0 0 
   d 1 1 3 0 0 
   d 37 1 3 0 0
 n Lkata 9
  c tx 3
   d 0 -0.292063 3 0 0 
   d 1 -0.292063 3 0 0 
   d 37 -0.292063 3 0 0
  c ty 3
   d 0 0.282598 3 0 0 
   d 1 0.282598 3 0 0 
   d 37 0.282598 3 0 0
  c tz 3
   d 0 0.133156 3 0 0 
   d 1 0.133156 3 0 0 
   d 37 0.133156 3 0 0
  c rx 3
   d 0 0 3 0 0 
   d 1 0 3 0 0 
   d 37 0 3 0 0
  c ry 3
   d 0 0 3 0 0 
   d 1 0 3 0 0 
   d 37 0 3 0 0
  c rz 3
   d 0 0 3 0 0 
   d 1 0 3 0 0 
   d 37 0 3 0 0
  c sx 3
   d 0 1 3 0 0 
   d 1 1 3 0 0 
   d 37 1 3 0 0
  c sy 3
   d 0 1 3 0 0 
   d 1 1 3 0 0 
   d 37 1 3 0 0
  c sz 3
   d 0 1 3 0 0 
   d 1 1 3 0 0 
   d 37 1 3 0 0
 n Lkata2 9
  c tx 3
   d 0 -0.312812 3 0 0 
   d 1 -0.312812 3 0 0 
   d 37 -0.312812 3 0 0
  c ty 4
   d 0 -0.16683 3 0 0 
   d 1 -0.16683 3 0 0 
   d 21 -0.2954 3 0 0 
   d 37 -0.2954 3 0 0
  c tz 4
   d 0 0 3 0 0 
   d 1 0 3 0 0 
   d 21 0.109686 3 0 0 
   d 37 0.109686 3 0 0
  c rx 3
   d 0 0 3 0 0 
   d 1 0 3 0 0 
   d 37 0 3 0 0
  c ry 4
   d 0 0 3 0 0 
   d 1 0 3 0 0 
   d 21 0.766219 3 0 0 
   d 37 0.766219 3 0 0
  c rz 3
   d 0 1.675516 3 0 0 
   d 1 1.675516 3 0 0 
   d 37 1.675516 3 0 0
  c sx 3
   d 0 1 3 0 0 
   d 1 1 3 0 0 
   d 37 1 3 0 0
  c sy 3
   d 0 1 3 0 0 
   d 1 1 3 0 0 
   d 37 1 3 0 0
  c sz 3
   d 0 1 3 0 0 
   d 1 1 3 0 0 
   d 37 1 3 0 0
 n Lhizi 9
  c tx 3
   d 0 -0.410132 3 0 0 
   d 1 -0.410132 3 0 0 
   d 37 -0.410132 3 0 0
  c ty 3
   d 0 0.00695 3 0 0 
   d 1 0.00695 3 0 0 
   d 37 0.00695 3 0 0
  c tz 3
   d 0 0 3 0 0 
   d 1 0 3 0 0 
   d 37 0 3 0 0
  c rx 3
   d 0 0 3 0 0 
   d 1 0 3 0 0 
   d 37 0 3 0 0
  c ry 3
   d 0 0 3 0 0 
   d 1 0 3 0 0 
   d 37 0 3 0 0
  c rz 3
   d 0 0 3 0 0 
   d 1 0 3 0 0 
   d 37 0 3 0 0
  c sx 3
   d 0 1 3 0 0 
   d 1 1 3 0 0 
   d 37 1 3 0 0
  c sy 3
   d 0 1 3 0 0 
   d 1 1 3 0 0 
   d 37 1 3 0 0
  c sz 3
   d 0 1 3 0 0 
   d 1 1 3 0 0 
   d 37 1 3 0 0
 n Ltekubi 9
  c tx 3
   d 0 -0.34133 3 0 0 
   d 1 -0.34133 3 0 0 
   d 37 -0.34133 3 0 0
  c ty 3
   d 0 0.01084 3 0 0 
   d 1 0.01084 3 0 0 
   d 37 0.01084 3 0 0
  c tz 3
   d 0 0 3 0 0 
   d 1 0 3 0 0 
   d 37 0 3 0 0
  c rx 3
   d 0 0 3 0 0 
   d 1 0 3 0 0 
   d 37 0 3 0 0
  c ry 3
   d 0 0 3 0 0 
   d 1 0 3 0 0 
   d 37 0 3 0 0
  c rz 3
   d 0 0 3 0 0 
   d 1 0 3 0 0 
   d 37 0 3 0 0
  c sx 3
   d 0 1 3 0 0 
   d 1 1 3 0 0 
   d 37 1 3 0 0
  c sy 3
   d 0 1 3 0 0 
   d 1 1 3 0 0 
   d 37 1 3 0 0
  c sz 3
   d 0 1 3 0 0 
   d 1 1 3 0 0 
   d 37 1 3 0 0
 n Loyayubi 9
  c tx 3
   d 0 -0.16385 3 0 0 
   d 1 -0.16385 3 0 0 
   d 37 -0.16385 3 0 0
  c ty 3
   d 0 -0.03292 3 0 0 
   d 1 -0.03292 3 0 0 
   d 37 -0.03292 3 0 0
  c tz 3
   d 0 0.113418 3 0 0 
   d 1 0.113418 3 0 0 
   d 37 0.113418 3 0 0
  c rx 3
   d 0 0 3 0 0 
   d 1 0 3 0 0 
   d 37 0 3 0 0
  c ry 3
   d 0 0 3 0 0 
   d 1 0 3 0 0 
   d 37 0 3 0 0
  c rz 3
   d 0 0 3 0 0 
   d 1 0 3 0 0 
   d 37 0 3 0 0
  c sx 3
   d 0 1 3 0 0 
   d 1 1 3 0 0 
   d 37 1 3 0 0
  c sy 3
   d 0 1 3 0 0 
   d 1 1 3 0 0 
   d 37 1 3 0 0
  c sz 3
   d 0 1 3 0 0 
   d 1 1 3 0 0 
   d 37 1 3 0 0
 n L_oyayubisaki 9
  c tx 3
   d 0 -0.04096 3 0 0 
   d 1 -0.04096 3 0 0 
   d 37 -0.04096 3 0 0
  c ty 3
   d 0 -0.03406 3 0 0 
   d 1 -0.03406 3 0 0 
   d 37 -0.03406 3 0 0
  c tz 3
   d 0 0.094383 3 0 0 
   d 1 0.094383 3 0 0 
   d 37 0.094383 3 0 0
  c rx 3
   d 0 0 3 0 0 
   d 1 0 3 0 0 
   d 37 0 3 0 0
  c ry 3
   d 0 0 3 0 0 
   d 1 0 3 0 0 
   d 37 0 3 0 0
  c rz 3
   d 0 0 3 0 0 
   d 1 0 3 0 0 
   d 37 0 3 0 0
  c sx 3
   d 0 1 3 0 0 
   d 1 1 3 0 0 
   d 37 1 3 0 0
  c sy 3
   d 0 1 3 0 0 
   d 1 1 3 0 0 
   d 37 1 3 0 0
  c sz 3
   d 0 1 3 0 0 
   d 1 1 3 0 0 
   d 37 1 3 0 0
 n L_te 9
  c tx 3
   d 0 -0.1696 3 0 0 
   d 1 -0.1696 3 0 0 
   d 37 -0.1696 3 0 0
  c ty 3
   d 0 0.02424 3 0 0 
   d 1 0.02424 3 0 0 
   d 37 0.02424 3 0 0
  c tz 3
   d 0 0 3 0 0 
   d 1 0 3 0 0 
   d 37 0 3 0 0
  c rx 3
   d 0 0 3 0 0 
   d 1 0 3 0 0 
   d 37 0 3 0 0
  c ry 3
   d 0 0 3 0 0 
   d 1 0 3 0 0 
   d 37 0 3 0 0
  c rz 3
   d 0 0 3 0 0 
   d 1 0 3 0 0 
   d 37 0 3 0 0
  c sx 3
   d 0 1 3 0 0 
   d 1 1 3 0 0 
   d 37 1 3 0 0
  c sy 3
   d 0 1 3 0 0 
   d 1 1 3 0 0 
   d 37 1 3 0 0
  c sz 3
   d 0 1 3 0 0 
   d 1 1 3 0 0 
   d 37 1 3 0 0
 n L_yubisaki 9
  c tx 3
   d 0 -0.15293 3 0 0 
   d 1 -0.15293 3 0 0 
   d 37 -0.15293 3 0 0
  c ty 3
   d 0 0.0161 3 0 0 
   d 1 0.0161 3 0 0 
   d 37 0.0161 3 0 0
  c tz 3
   d 0 0.041092 3 0 0 
   d 1 0.041092 3 0 0 
   d 37 0.041092 3 0 0
  c rx 4
   d 0 0 3 0 0 
   d 1 0 3 0 0 
   d 21 -0.897669 3 0 0 
   d 37 -0.897669 3 0 0
  c ry 4
   d 0 0 3 0 0 
   d 1 0 3 0 0 
   d 21 -0.54336 3 0 0 
   d 37 -0.54336 3 0 0
  c rz 4
   d 0 0 3 0 0 
   d 1 0 3 0 0 
   d 21 2.204679 3 0 0 
   d 37 2.204679 3 0 0
  c sx 3
   d 0 1 3 0 0 
   d 1 1 3 0 0 
   d 37 1 3 0 0
  c sy 3
   d 0 1 3 0 0 
   d 1 1 3 0 0 
   d 37 1 3 0 0
  c sz 3
   d 0 1 3 0 0 
   d 1 1 3 0 0 
   d 37 1 3 0 0
 n L_momo 9
  c tx 4
   d 0 -0.154332 3 0 0 
   d 1 -0.154332 3 0 0 
   d 21 -0.35406 3 0 0 
   d 37 -0.35406 3 0 0
  c ty 3
   d 0 -0.064085 3 0 0 
   d 1 -0.064085 3 0 0 
   d 37 -0.064085 3 0 0
  c tz 3
   d 0 0.160828 3 0 0 
   d 1 0.160828 3 0 0 
   d 37 0.160828 3 0 0
  c rx 3
   d 0 0 3 0 0 
   d 1 0 3 0 0 
   d 37 0 3 0 0
  c ry 3
   d 0 0 3 0 0 
   d 1 0 3 0 0 
   d 37 0 3 0 0
  c rz 3
   d 0 0 3 0 0 
   d 1 0 3 0 0 
   d 37 0 3 0 0
  c sx 3
   d 0 1 3 0 0 
   d 1 1 3 0 0 
   d 37 1 3 0 0
  c sy 3
   d 0 1 3 0 0 
   d 1 1 3 0 0 
   d 37 1 3 0 0
  c sz 3
   d 0 1 3 0 0 
   d 1 1 3 0 0 
   d 37 1 3 0 0
 n L_momo2 9
  c tx 3
   d 0 -0.169189 3 0 0 
   d 1 -0.169189 3 0 0 
   d 37 -0.169189 3 0 0
  c ty 3
   d 0 -0.217188 3 0 0 
   d 1 -0.217188 3 0 0 
   d 37 -0.217188 3 0 0
  c tz 3
   d 0 0.280954 3 0 0 
   d 1 0.280954 3 0 0 
   d 37 0.280954 3 0 0
  c rx 4
   d 0 0 3 0 0 
   d 1 0 3 0 0 
   d 21 0.596542 3 0 0 
   d 37 0.596542 3 0 0
  c ry 3
   d 0 0 3 0 0 
   d 1 0 3 0 0 
   d 37 0 3 0 0
  c rz 3
   d 0 0 3 0 0 
   d 1 0 3 0 0 
   d 37 0 3 0 0
  c sx 3
   d 0 1 3 0 0 
   d 1 1 3 0 0 
   d 37 1 3 0 0
  c sy 3
   d 0 1 3 0 0 
   d 1 1 3 0 0 
   d 37 1 3 0 0
  c sz 3
   d 0 1 3 0 0 
   d 1 1 3 0 0 
   d 37 1 3 0 0
 n Lhiza 9
  c tx 4
   d 0 -0.017421 3 0 0 
   d 1 -0.017421 3 0 0 
   d 21 -0.017421 3 0 0 
   d 37 -0.017421 3 0 0
  c ty 12
   d 0 -0.310168 3 0 0 
   d 1 -0.310168 3 0 0 
   d 5 -0.338797 3 -0.049325 -0.115093 
   d 12 -0.493307 3 -0.144373 -0.020625 
   d 13 -0.517476 3 -0.014602 -0.014602 
   d 15 -0.529451 3 0 0 
   d 16 -0.490277 3 0.035322 0.035322 
   d 17 -0.442021 3 0.042189 0.042189 
   d 18 -0.38585 3 0.040358 0.040358 
   d 20 -0.342124 3 0.025598 0.025598 
   d 21 -0.32249 3 0 0 
   d 37 -0.32249 3 0 0
  c tz 12
   d 0 -0.434235 3 0 0 
   d 1 -0.434235 3 0 0 
   d 5 -0.432657 3 0.003824 0.008924 
   d 12 -0.347294 3 0.078166 0.011167 
   d 13 -0.335917 3 0.008086 0.008086 
   d 15 -0.327279 3 0 0 
   d 16 -0.342903 3 -0.016824 -0.016824 
   d 17 -0.368921 3 -0.024087 -0.024087 
   d 18 -0.402525 3 -0.024913 -0.024913 
   d 20 -0.430587 3 -0.016648 -0.016648 
   d 21 -0.443732 3 0 0 
   d 37 -0.443732 3 0 0
  c rx 4
   d 0 0 3 0 0 
   d 1 0 3 0 0 
   d 21 0 3 0 0 
   d 37 0 3 0 0
  c ry 4
   d 0 0 3 0 0 
   d 1 0 3 0 0 
   d 21 0 3 0 0 
   d 37 0 3 0 0
  c rz 4
   d 0 0 3 0 0 
   d 1 0 3 0 0 
   d 21 0 3 0 0 
   d 37 0 3 0 0
  c sx 4
   d 0 1 3 0 0 
   d 1 1 3 0 0 
   d 21 1 3 0 0 
   d 37 1 3 0 0
  c sy 4
   d 0 1 3 0 0 
   d 1 1 3 0 0 
   d 21 1 3 0 0 
   d 37 1 3 0 0
  c sz 4
   d 0 1 3 0 0 
   d 1 1 3 0 0 
   d 21 1 3 0 0 
   d 37 1 3 0 0
 n Lasikubi 9
  c tx 3
   d 0 -0.005127 3 0 0 
   d 1 -0.005127 3 0 0 
   d 37 -0.005127 3 0 0
  c ty 3
   d 0 -0.51465 3 0 0 
   d 1 -0.51465 3 0 0 
   d 37 -0.51465 3 0 0
  c tz 3
   d 0 0.128662 3 0 0 
   d 1 0.128662 3 0 0 
   d 37 0.128662 3 0 0
  c rx 8
   d 0 0 3 0 0 
   d 1 0 3 0 0 
   d 13 -0.405854 3 -0.399844 -0.03332 
   d 15 -0.453618 3 -0.034203 -0.034203 
   d 16 -0.490515 3 -0.029768 -0.059536 
   d 18 -0.564142 3 -0.040605 -0.040605 
   d 21 -0.591023 3 0 0 
   d 37 -0.591023 3 0 0
  c ry 3
   d 0 0 3 0 0 
   d 1 0 3 0 0 
   d 37 0 3 0 0
  c rz 3
   d 0 0 3 0 0 
   d 1 0 3 0 0 
   d 37 0 3 0 0
  c sx 3
   d 0 1 3 0 0 
   d 1 1 3 0 0 
   d 37 1 3 0 0
  c sy 3
   d 0 1 3 0 0 
   d 1 1 3 0 0 
   d 37 1 3 0 0
  c sz 3
   d 0 1 3 0 0 
   d 1 1 3 0 0 
   d 37 1 3 0 0
 n L_asasaki 9
  c tx 3
   d 0 0 3 0 0 
   d 1 0 3 0 0 
   d 37 0 3 0 0
  c ty 3
   d 0 -0 3 0 0 
   d 1 -0 3 0 0 
   d 37 -0 3 0 0
  c tz 3
   d 0 0.250432 3 0 0 
   d 1 0.250432 3 0 0 
   d 37 0.250432 3 0 0
  c rx 3
   d 0 0 3 0 0 
   d 1 0 3 0 0 
   d 37 0 3 0 0
  c ry 3
   d 0 0 3 0 0 
   d 1 0 3 0 0 
   d 37 0 3 0 0
  c rz 3
   d 0 0 3 0 0 
   d 1 0 3 0 0 
   d 37 0 3 0 0
  c sx 3
   d 0 1 3 0 0 
   d 1 1 3 0 0 
   d 37 1 3 0 0
  c sy 3
   d 0 1 3 0 0 
   d 1 1 3 0 0 
   d 37 1 3 0 0
  c sz 3
   d 0 1 3 0 0 
   d 1 1 3 0 0 
   d 37 1 3 0 0
}
