a Boss_kougeki2 39
{
 n RootNode 0
 n minoutaurosu 0
 n pPlane1 0
 n pPlane2 0
 n LO 9
  c tx 4
   d 0 -0 3 0 0
   d 1 -0 3 0 0 
   d 35 -0 3 0 0 
   d 75 -0 3 0 0
  c ty 4
   d 0 1.159088 3 0 0
   d 1 1.159088 3 0 0 
   d 35 1.159088 3 0 0 
   d 75 1.159088 3 0 0
  c tz 4
   d 0 -0.257325 3 0 0
   d 1 -0.257325 3 0 0 
   d 35 -0.257325 3 0 0 
   d 75 -0.257325 3 0 0
  c rx 4
   d 0 0 3 0 0
   d 1 0 3 0 0 
   d 35 0 3 0 0 
   d 75 0 3 0 0
  c ry 4
   d 0 0 3 0 0
   d 1 0 3 0 0 
   d 35 0 3 0 0 
   d 75 0 3 0 0
  c rz 4
   d 0 0 3 0 0
   d 1 0 3 0 0 
   d 35 0 3 0 0 
   d 75 0 3 0 0
  c sx 4
   d 0 1 3 0 0
   d 1 1 3 0 0 
   d 35 1 3 0 0 
   d 75 1 3 0 0
  c sy 4
   d 0 1 3 0 0
   d 1 1 3 0 0 
   d 35 1 3 0 0 
   d 75 1 3 0 0
  c sz 4
   d 0 1 3 0 0
   d 1 1 3 0 0 
   d 35 1 3 0 0 
   d 75 1 3 0 0
 n R_momo 0
 n R_momo2 1
  c ty 3
   d 0 -0.217186 3 0 0
   d 1 -0.217186 3 0 0 
   d 75 -0.217186 3 0 0
 n Rhiza 0
 n Rasikubi 0
 n R_asasaki 0
 n kosi 9
  c tx 5
   d 0 0 3 0 0
   d 1 0 3 0 0 
   d 37 0 3 0 0 
   d 62 0 3 0 0 
   d 75 0 3 0 0
  c ty 5
   d 0 0.240967 3 0 0
   d 1 0.240967 3 0 0 
   d 37 0.240967 3 0 0 
   d 62 0.240967 3 0 0 
   d 75 0.240967 3 0 0
  c tz 5
   d 0 -0 3 0 0
   d 1 -0 3 0 0 
   d 37 -0 3 0 0 
   d 62 -0 3 0 0 
   d 75 -0 3 0 0
  c rx 6
   d 0 0 3 0 0
   d 1 0 3 0 0 
   d 18 -0.60453 3 0 0 
   d 37 -0.60453 3 0 0 
   d 62 0 3 0 0 
   d 75 0 3 0 0
  c ry 5
   d 0 0 3 0 0
   d 1 0 3 0 0 
   d 37 0 3 0 0 
   d 62 0 3 0 0 
   d 75 0 3 0 0
  c rz 5
   d 0 0 3 0 0
   d 1 0 3 0 0 
   d 37 0 3 0 0 
   d 62 0 3 0 0 
   d 75 0 3 0 0
  c sx 5
   d 0 1 3 0 0
   d 1 1 3 0 0 
   d 37 1 3 0 0 
   d 62 1 3 0 0 
   d 75 1 3 0 0
  c sy 5
   d 0 1 3 0 0
   d 1 1 3 0 0 
   d 37 1 3 0 0 
   d 62 1 3 0 0 
   d 75 1 3 0 0
  c sz 5
   d 0 1 3 0 0
   d 1 1 3 0 0 
   d 37 1 3 0 0 
   d 62 1 3 0 0 
   d 75 1 3 0 0
 n mune 9
  c tx 4
   d 0 0.003087 3 0 0
   d 1 0.003087 3 0 0 
   d 37 0.003087 3 0 0 
   d 75 0.003087 3 0 0
  c ty 4
   d 0 0.481933 3 0 0
   d 1 0.481933 3 0 0 
   d 37 0.481933 3 0 0 
   d 75 0.481933 3 0 0
  c tz 4
   d 0 0.257325 3 0 0
   d 1 0.257325 3 0 0 
   d 37 0.257325 3 0 0 
   d 75 0.257325 3 0 0
  c rx 5
   d 0 0 3 0 0
   d 1 0 3 0 0 
   d 18 0.043526 3 0 0 
   d 37 0.043526 3 0 0 
   d 75 0.043526 3 0 0
  c ry 4
   d 0 0 3 0 0
   d 1 0 3 0 0 
   d 37 0 3 0 0 
   d 75 0 3 0 0
  c rz 4
   d 0 0 3 0 0
   d 1 0 3 0 0 
   d 37 0 3 0 0 
   d 75 0 3 0 0
  c sx 4
   d 0 1 3 0 0
   d 1 1 3 0 0 
   d 37 1 3 0 0 
   d 75 1 3 0 0
  c sy 4
   d 0 1 3 0 0
   d 1 1 3 0 0 
   d 37 1 3 0 0 
   d 75 1 3 0 0
  c sz 4
   d 0 1 3 0 0
   d 1 1 3 0 0 
   d 37 1 3 0 0 
   d 75 1 3 0 0
 n kubi 9
  c tx 10
   d 0 0 3 0 0
   d 1 0 3 0 0 
   d 18 0 3 0 0 
   d 22 0 3 0 0 
   d 25 0 3 0 0 
   d 27 0 3 0 0 
   d 30 0 3 0 0 
   d 37 0 3 0 0 
   d 62 0 3 0 0 
   d 75 0 3 0 0
  c ty 10
   d 0 0.478217 3 0 0
   d 1 0.478217 3 0 0 
   d 18 0.478217 3 0 0 
   d 22 0.478217 3 0 0 
   d 25 0.478217 3 0 0 
   d 27 0.478217 3 0 0 
   d 30 0.478217 3 0 0 
   d 37 0.478217 3 0 0 
   d 62 0.478217 3 0 0 
   d 75 0.478217 3 0 0
  c tz 10
   d 0 0.283251 3 0 0
   d 1 0.283251 3 0 0 
   d 18 0.283251 3 0 0 
   d 22 0.283251 3 0 0 
   d 25 0.283251 3 0 0 
   d 27 0.283251 3 0 0 
   d 30 0.283251 3 0 0 
   d 37 0.283251 3 0 0 
   d 62 0.283251 3 0 0 
   d 75 0.283251 3 0 0
  c rx 14
   d 0 0.120123 3 0 0
   d 1 0.120123 3 0 0 
   d 18 -0.386607 3 -0.335129 -0.039427 
   d 21 -0.402873 3 0 0 
   d 22 -0.386607 3 -0.019713 -0.019713 
   d 23 -0.402941 3 0 0 
   d 25 -0.386607 3 -0.019713 -0.019713 
   d 26 -0.402873 3 0 0 
   d 27 -0.386607 3 -0.019713 -0.019713 
   d 28 -0.402941 3 0 0 
   d 30 -0.386607 3 -0.019713 -0.137994 
   d 37 -0.386607 3 0 0 
   d 62 0.120123 3 0 0 
   d 75 0.120123 3 0 0
  c ry 14
   d 0 0 3 0 0
   d 1 0 3 0 0 
   d 18 0 3 0 0 
   d 21 -0.277642 3 0 0 
   d 22 0 3 0 0 
   d 23 0.278201 3 0 0 
   d 25 0 3 0 0 
   d 26 -0.277642 3 0 0 
   d 27 0 3 0 0 
   d 28 0.278201 3 0 0 
   d 30 0 3 0 0 
   d 37 0 3 0 0 
   d 62 0 3 0 0 
   d 75 0 3 0 0
  c rz 14
   d 0 0 3 0 0
   d 1 0 3 0 0 
   d 18 0 3 0 0 
   d 21 0.116285 3 0 0 
   d 22 0 3 0 0 
   d 23 -0.116533 3 0 0 
   d 25 0 3 0 0 
   d 26 0.116285 3 0 0 
   d 27 0 3 0 0 
   d 28 -0.116533 3 0 0 
   d 30 0 3 0 0 
   d 37 0 3 0 0 
   d 62 0 3 0 0 
   d 75 0 3 0 0
  c sx 10
   d 0 1 3 0 0
   d 1 1 3 0 0 
   d 18 1 3 0 0 
   d 22 1 3 0 0 
   d 25 1 3 0 0 
   d 27 1 3 0 0 
   d 30 1 3 0 0 
   d 37 1 3 0 0 
   d 62 1 3 0 0 
   d 75 1 3 0 0
  c sy 10
   d 0 1 3 0 0
   d 1 1 3 0 0 
   d 18 1 3 0 0 
   d 22 1 3 0 0 
   d 25 1 3 0 0 
   d 27 1 3 0 0 
   d 30 1 3 0 0 
   d 37 1 3 0 0 
   d 62 1 3 0 0 
   d 75 1 3 0 0
  c sz 10
   d 0 1 3 0 0
   d 1 1 3 0 0 
   d 18 1 3 0 0 
   d 22 1 3 0 0 
   d 25 1 3 0 0 
   d 27 1 3 0 0 
   d 30 1 3 0 0 
   d 37 1 3 0 0 
   d 62 1 3 0 0 
   d 75 1 3 0 0
 n joint5 0
 n joint6 9
  c tx 8
   d 0 -0 3 0 0
   d 1 -0 3 0 0 
   d 18 -0 3 0 0 
   d 22 -0 3 0 0 
   d 26 -0 3 0 0 
   d 30 -0 3 0 0 
   d 33 -0 3 0 0 
   d 75 -0 3 0 0
  c ty 8
   d 0 -0.151638 3 0 0
   d 1 -0.151638 3 0 0 
   d 18 -0.151638 3 0 0 
   d 22 -0.151638 3 0 0 
   d 26 -0.151638 3 0 0 
   d 30 -0.151638 3 0 0 
   d 33 -0.151638 3 0 0 
   d 75 -0.151638 3 0 0
  c tz 8
   d 0 0.243539 3 0 0
   d 1 0.243539 3 0 0 
   d 18 0.243539 3 0 0 
   d 22 0.243539 3 0 0 
   d 26 0.243539 3 0 0 
   d 30 0.243539 3 0 0 
   d 33 0.243539 3 0 0 
   d 75 0.243539 3 0 0
  c rx 8
   d 0 0 3 0 0
   d 1 0 3 0 0 
   d 18 0 3 0 0 
   d 22 0.493698 3 0 0 
   d 26 0 3 0 0 
   d 30 0.493698 3 0 0 
   d 33 0 3 0 0 
   d 75 0 3 0 0
  c ry 8
   d 0 0 3 0 0
   d 1 0 3 0 0 
   d 18 0 3 0 0 
   d 22 0 3 0 0 
   d 26 0 3 0 0 
   d 30 0 3 0 0 
   d 33 0 3 0 0 
   d 75 0 3 0 0
  c rz 8
   d 0 0 3 0 0
   d 1 0 3 0 0 
   d 18 0 3 0 0 
   d 22 0 3 0 0 
   d 26 0 3 0 0 
   d 30 0 3 0 0 
   d 33 0 3 0 0 
   d 75 0 3 0 0
  c sx 8
   d 0 1 3 0 0
   d 1 1 3 0 0 
   d 18 1 3 0 0 
   d 22 1 3 0 0 
   d 26 1 3 0 0 
   d 30 1 3 0 0 
   d 33 1 3 0 0 
   d 75 1 3 0 0
  c sy 8
   d 0 1 3 0 0
   d 1 1 3 0 0 
   d 18 1 3 0 0 
   d 22 1 3 0 0 
   d 26 1 3 0 0 
   d 30 1 3 0 0 
   d 33 1 3 0 0 
   d 75 1 3 0 0
  c sz 8
   d 0 1 3 0 0
   d 1 1 3 0 0 
   d 18 1 3 0 0 
   d 22 1 3 0 0 
   d 26 1 3 0 0 
   d 30 1 3 0 0 
   d 33 1 3 0 0 
   d 75 1 3 0 0
 n joint7 0
 n joint8 0
 n joint9 0
 n Rkata 9
  c tx 4
   d 0 0.292063 3 0 0
   d 1 0.292063 3 0 0 
   d 37 0.292063 3 0 0 
   d 75 0.292063 3 0 0
  c ty 4
   d 0 0.2826 3 0 0
   d 1 0.2826 3 0 0 
   d 37 0.2826 3 0 0 
   d 75 0.2826 3 0 0
  c tz 4
   d 0 0.133156 3 0 0
   d 1 0.133156 3 0 0 
   d 37 0.133156 3 0 0 
   d 75 0.133156 3 0 0
  c rx 4
   d 0 0 3 0 0
   d 1 0 3 0 0 
   d 37 0 3 0 0 
   d 75 0 3 0 0
  c ry 4
   d 0 0 3 0 0
   d 1 0 3 0 0 
   d 37 0 3 0 0 
   d 75 0 3 0 0
  c rz 4
   d 0 0 3 0 0
   d 1 0 3 0 0 
   d 37 0 3 0 0 
   d 75 0 3 0 0
  c sx 4
   d 0 1 3 0 0
   d 1 1 3 0 0 
   d 37 1 3 0 0 
   d 75 1 3 0 0
  c sy 4
   d 0 1 3 0 0
   d 1 1 3 0 0 
   d 37 1 3 0 0 
   d 75 1 3 0 0
  c sz 4
   d 0 1 3 0 0
   d 1 1 3 0 0 
   d 37 1 3 0 0 
   d 75 1 3 0 0
 n Rkata2 9
  c tx 4
   d 0 0.312812 3 0 0
   d 1 0.312812 3 0 0 
   d 62 0.312812 3 0 0 
   d 75 0.312812 3 0 0
  c ty 4
   d 0 -0.166833 3 0 0
   d 1 -0.166833 3 0 0 
   d 62 -0.166833 3 0 0 
   d 75 -0.166833 3 0 0
  c tz 4
   d 0 0 3 0 0
   d 1 0 3 0 0 
   d 62 0 3 0 0 
   d 75 0 3 0 0
  c rx 4
   d 0 0 3 0 0
   d 1 0 3 0 0 
   d 62 0 3 0 0 
   d 75 0 3 0 0
  c ry 4
   d 0 0 3 0 0
   d 1 0 3 0 0 
   d 62 0 3 0 0 
   d 75 0 3 0 0
  c rz 5
   d 0 -1.675516 3 0 0
   d 1 -1.675516 3 0 0 
   d 18 -1.16937 3 0 0 
   d 62 -1.675516 3 0 0 
   d 75 -1.675516 3 0 0
  c sx 4
   d 0 1 3 0 0
   d 1 1 3 0 0 
   d 62 1 3 0 0 
   d 75 1 3 0 0
  c sy 4
   d 0 1 3 0 0
   d 1 1 3 0 0 
   d 62 1 3 0 0 
   d 75 1 3 0 0
  c sz 4
   d 0 1 3 0 0
   d 1 1 3 0 0 
   d 62 1 3 0 0 
   d 75 1 3 0 0
 n Rhizi 9
  c tx 4
   d 0 0.410131 3 0 0
   d 1 0.410131 3 0 0 
   d 62 0.410131 3 0 0 
   d 75 0.410131 3 0 0
  c ty 4
   d 0 0.006951 3 0 0
   d 1 0.006951 3 0 0 
   d 62 0.006951 3 0 0 
   d 75 0.006951 3 0 0
  c tz 4
   d 0 0 3 0 0
   d 1 0 3 0 0 
   d 62 0 3 0 0 
   d 75 0 3 0 0
  c rx 6
   d 0 0 3 0 0
   d 1 0 3 0 0 
   d 18 -4.08407 3 0 0 
   d 37 -4.08407 3 0 0 
   d 62 0 3 0 0 
   d 75 0 3 0 0
  c ry 6
   d 0 0 3 0 0
   d 1 0 3 0 0 
   d 18 -1.029744 3 0 0 
   d 37 -1.029744 3 0 0 
   d 62 0 3 0 0 
   d 75 0 3 0 0
  c rz 6
   d 0 0 3 0 0
   d 1 0 3 0 0 
   d 18 2.583087 3 0 0 
   d 37 2.583087 3 0 0 
   d 62 0 3 0 0 
   d 75 0 3 0 0
  c sx 4
   d 0 1 3 0 0
   d 1 1 3 0 0 
   d 62 1 3 0 0 
   d 75 1 3 0 0
  c sy 4
   d 0 1 3 0 0
   d 1 1 3 0 0 
   d 62 1 3 0 0 
   d 75 1 3 0 0
  c sz 4
   d 0 1 3 0 0
   d 1 1 3 0 0 
   d 62 1 3 0 0 
   d 75 1 3 0 0
 n Rtekubi 9
  c tx 3
   d 0 0.341334 3 0 0
   d 1 0.341334 3 0 0 
   d 75 0.341334 3 0 0
  c ty 3
   d 0 0.01084 3 0 0
   d 1 0.01084 3 0 0 
   d 75 0.01084 3 0 0
  c tz 3
   d 0 0 3 0 0
   d 1 0 3 0 0 
   d 75 0 3 0 0
  c rx 3
   d 0 0 3 0 0
   d 1 0 3 0 0 
   d 75 0 3 0 0
  c ry 3
   d 0 0 3 0 0
   d 1 0 3 0 0 
   d 75 0 3 0 0
  c rz 3
   d 0 0 3 0 0
   d 1 0 3 0 0 
   d 75 0 3 0 0
  c sx 3
   d 0 1 3 0 0
   d 1 1 3 0 0 
   d 75 1 3 0 0
  c sy 3
   d 0 1 3 0 0
   d 1 1 3 0 0 
   d 75 1 3 0 0
  c sz 3
   d 0 1 3 0 0
   d 1 1 3 0 0 
   d 75 1 3 0 0
 n Royayubi 0
 n R_oyayubisaki 0
 n R_te 9
  c tx 3
   d 0 0.169592 3 0 0
   d 1 0.169592 3 0 0 
   d 75 0.169592 3 0 0
  c ty 3
   d 0 0.024237 3 0 0
   d 1 0.024237 3 0 0 
   d 75 0.024237 3 0 0
  c tz 3
   d 0 0 3 0 0
   d 1 0 3 0 0 
   d 75 0 3 0 0
  c rx 3
   d 0 0 3 0 0
   d 1 0 3 0 0 
   d 75 0 3 0 0
  c ry 3
   d 0 0 3 0 0
   d 1 0 3 0 0 
   d 75 0 3 0 0
  c rz 4
   d 0 0 3 0 0
   d 1 0 3 0 0 
   d 18 -1.640507 3 0 0 
   d 75 -1.640507 3 0 0
  c sx 3
   d 0 1 3 0 0
   d 1 1 3 0 0 
   d 75 1 3 0 0
  c sy 3
   d 0 1 3 0 0
   d 1 1 3 0 0 
   d 75 1 3 0 0
  c sz 3
   d 0 1 3 0 0
   d 1 1 3 0 0 
   d 75 1 3 0 0
 n R_yubisaki 0
 n Lkata 9
  c tx 4
   d 0 -0.292063 3 0 0
   d 1 -0.292063 3 0 0 
   d 37 -0.292063 3 0 0 
   d 75 -0.292063 3 0 0
  c ty 4
   d 0 0.282598 3 0 0
   d 1 0.282598 3 0 0 
   d 37 0.282598 3 0 0 
   d 75 0.282598 3 0 0
  c tz 4
   d 0 0.133156 3 0 0
   d 1 0.133156 3 0 0 
   d 37 0.133156 3 0 0 
   d 75 0.133156 3 0 0
  c rx 4
   d 0 0 3 0 0
   d 1 0 3 0 0 
   d 37 0 3 0 0 
   d 75 0 3 0 0
  c ry 4
   d 0 0 3 0 0
   d 1 0 3 0 0 
   d 37 0 3 0 0 
   d 75 0 3 0 0
  c rz 4
   d 0 0 3 0 0
   d 1 0 3 0 0 
   d 37 0 3 0 0 
   d 75 0 3 0 0
  c sx 4
   d 0 1 3 0 0
   d 1 1 3 0 0 
   d 37 1 3 0 0 
   d 75 1 3 0 0
  c sy 4
   d 0 1 3 0 0
   d 1 1 3 0 0 
   d 37 1 3 0 0 
   d 75 1 3 0 0
  c sz 4
   d 0 1 3 0 0
   d 1 1 3 0 0 
   d 37 1 3 0 0 
   d 75 1 3 0 0
 n Lkata2 9
  c tx 4
   d 0 -0.312812 3 0 0
   d 1 -0.312812 3 0 0 
   d 62 -0.312812 3 0 0 
   d 75 -0.312812 3 0 0
  c ty 4
   d 0 -0.16683 3 0 0
   d 1 -0.16683 3 0 0 
   d 62 -0.16683 3 0 0 
   d 75 -0.16683 3 0 0
  c tz 4
   d 0 0 3 0 0
   d 1 0 3 0 0 
   d 62 0 3 0 0 
   d 75 0 3 0 0
  c rx 4
   d 0 0 3 0 0
   d 1 0 3 0 0 
   d 62 0 3 0 0 
   d 75 0 3 0 0
  c ry 4
   d 0 0 3 0 0
   d 1 0 3 0 0 
   d 62 0 3 0 0 
   d 75 0 3 0 0
  c rz 5
   d 0 1.675516 3 0 0
   d 1 1.675516 3 0 0 
   d 18 1.16937 3 0 0 
   d 62 1.675516 3 0 0 
   d 75 1.675516 3 0 0
  c sx 4
   d 0 1 3 0 0
   d 1 1 3 0 0 
   d 62 1 3 0 0 
   d 75 1 3 0 0
  c sy 4
   d 0 1 3 0 0
   d 1 1 3 0 0 
   d 62 1 3 0 0 
   d 75 1 3 0 0
  c sz 4
   d 0 1 3 0 0
   d 1 1 3 0 0 
   d 62 1 3 0 0 
   d 75 1 3 0 0
 n Lhizi 9
  c tx 4
   d 0 -0.410132 3 0 0
   d 1 -0.410132 3 0 0 
   d 62 -0.410132 3 0 0 
   d 75 -0.410132 3 0 0
  c ty 4
   d 0 0.00695 3 0 0
   d 1 0.00695 3 0 0 
   d 62 0.00695 3 0 0 
   d 75 0.00695 3 0 0
  c tz 4
   d 0 0 3 0 0
   d 1 0 3 0 0 
   d 62 0 3 0 0 
   d 75 0 3 0 0
  c rx 6
   d 0 -1.867909 3 0 0
   d 1 -1.867909 3 0 0 
   d 18 -4.08407 3 0 0 
   d 37 -4.08407 3 0 0 
   d 62 -1.867909 3 0 0 
   d 75 -1.867909 3 0 0
  c ry 6
   d 0 0 3 0 0
   d 1 0 3 0 0 
   d 18 1.029744 3 0 0 
   d 37 1.029744 3 0 0 
   d 62 0 3 0 0 
   d 75 0 3 0 0
  c rz 6
   d 0 0 3 0 0
   d 1 0 3 0 0 
   d 18 -2.583087 3 0 0 
   d 37 -2.583087 3 0 0 
   d 62 0 3 0 0 
   d 75 0 3 0 0
  c sx 4
   d 0 1 3 0 0
   d 1 1 3 0 0 
   d 62 1 3 0 0 
   d 75 1 3 0 0
  c sy 4
   d 0 1 3 0 0
   d 1 1 3 0 0 
   d 62 1 3 0 0 
   d 75 1 3 0 0
  c sz 4
   d 0 1 3 0 0
   d 1 1 3 0 0 
   d 62 1 3 0 0 
   d 75 1 3 0 0
 n Ltekubi 9
  c tx 3
   d 0 -0.34133 3 0 0
   d 1 -0.34133 3 0 0 
   d 75 -0.34133 3 0 0
  c ty 3
   d 0 0.01084 3 0 0
   d 1 0.01084 3 0 0 
   d 75 0.01084 3 0 0
  c tz 3
   d 0 0 3 0 0
   d 1 0 3 0 0 
   d 75 0 3 0 0
  c rx 3
   d 0 0 3 0 0
   d 1 0 3 0 0 
   d 75 0 3 0 0
  c ry 3
   d 0 0 3 0 0
   d 1 0 3 0 0 
   d 75 0 3 0 0
  c rz 3
   d 0 0 3 0 0
   d 1 0 3 0 0 
   d 75 0 3 0 0
  c sx 3
   d 0 1 3 0 0
   d 1 1 3 0 0 
   d 75 1 3 0 0
  c sy 3
   d 0 1 3 0 0
   d 1 1 3 0 0 
   d 75 1 3 0 0
  c sz 3
   d 0 1 3 0 0
   d 1 1 3 0 0 
   d 75 1 3 0 0
 n Loyayubi 9
  c tx 3
   d 0 -0.16385 3 0 0
   d 1 -0.16385 3 0 0 
   d 75 -0.16385 3 0 0
  c ty 3
   d 0 -0.03292 3 0 0
   d 1 -0.03292 3 0 0 
   d 75 -0.03292 3 0 0
  c tz 3
   d 0 0.113418 3 0 0
   d 1 0.113418 3 0 0 
   d 75 0.113418 3 0 0
  c rx 4
   d 0 -0.286974 3 0 0
   d 1 -0.286974 3 0 0 
   d 18 3.492304 3 0 0 
   d 75 3.492304 3 0 0
  c ry 4
   d 0 0 3 0 0
   d 1 0 3 0 0 
   d 18 -0.756107 3 0 0 
   d 75 -0.756107 3 0 0
  c rz 4
   d 0 0 3 0 0
   d 1 0 3 0 0 
   d 18 -2.1113 3 0 0 
   d 75 -2.1113 3 0 0
  c sx 3
   d 0 1 3 0 0
   d 1 1 3 0 0 
   d 75 1 3 0 0
  c sy 3
   d 0 1 3 0 0
   d 1 1 3 0 0 
   d 75 1 3 0 0
  c sz 3
   d 0 1 3 0 0
   d 1 1 3 0 0 
   d 75 1 3 0 0
 n L_oyayubisaki 0
 n L_te 9
  c tx 3
   d 0 -0.1696 3 0 0
   d 1 -0.1696 3 0 0 
   d 75 -0.1696 3 0 0
  c ty 3
   d 0 0.02424 3 0 0
   d 1 0.02424 3 0 0 
   d 75 0.02424 3 0 0
  c tz 3
   d 0 0 3 0 0
   d 1 0 3 0 0 
   d 75 0 3 0 0
  c rx 4
   d 0 0 3 0 0
   d 1 0 3 0 0 
   d 18 -0.95823 3 0 0 
   d 75 -0.95823 3 0 0
  c ry 4
   d 0 0 3 0 0
   d 1 0 3 0 0 
   d 18 -0.71846 3 0 0 
   d 75 -0.71846 3 0 0
  c rz 4
   d 0 0.145973 3 0 0
   d 1 0.145973 3 0 0 
   d 18 2.759384 3 0 0 
   d 75 2.759384 3 0 0
  c sx 3
   d 0 1 3 0 0
   d 1 1 3 0 0 
   d 75 1 3 0 0
  c sy 3
   d 0 1 3 0 0
   d 1 1 3 0 0 
   d 75 1 3 0 0
  c sz 3
   d 0 1 3 0 0
   d 1 1 3 0 0 
   d 75 1 3 0 0
 n L_yubisaki 9
  c tx 3
   d 0 -0.15293 3 0 0
   d 1 -0.15293 3 0 0 
   d 75 -0.15293 3 0 0
  c ty 3
   d 0 0.0161 3 0 0
   d 1 0.0161 3 0 0 
   d 75 0.0161 3 0 0
  c tz 3
   d 0 0.041092 3 0 0
   d 1 0.041092 3 0 0 
   d 75 0.041092 3 0 0
  c rx 3
   d 0 0 3 0 0
   d 1 0 3 0 0 
   d 75 0 3 0 0
  c ry 3
   d 0 0 3 0 0
   d 1 0 3 0 0 
   d 75 0 3 0 0
  c rz 4
   d 0 0.223264 3 0 0
   d 1 0.223264 3 0 0 
   d 18 2.8748 3 0 0 
   d 75 2.8748 3 0 0
  c sx 3
   d 0 1 3 0 0
   d 1 1 3 0 0 
   d 75 1 3 0 0
  c sy 3
   d 0 1 3 0 0
   d 1 1 3 0 0 
   d 75 1 3 0 0
  c sz 3
   d 0 1 3 0 0
   d 1 1 3 0 0 
   d 75 1 3 0 0
 n L_momo 0
 n L_momo2 1
  c ty 3
   d 0 -0.217188 3 0 0
   d 1 -0.217188 3 0 0 
   d 75 -0.217188 3 0 0
 n Lhiza 0
 n Lasikubi 0
 n L_asasaki 0
}
