a Boss_hasiru 40
{
 n RootNode 0
 n minoutaurosu 0
 n pPlane1 0
 n pPlane2 0
 n LO 9
  c tx 4
   d 0 -0 3 0 0 
   d 1 -0 3 0 0 
   d 25 -0 3 0 0 
   d 68 -0 3 0 0
  c ty 4
   d 0 1.159088 3 0 0 
   d 1 1.159088 3 0 0 
   d 25 1.159088 3 0 0 
   d 68 1.159088 3 0 0
  c tz 4
   d 0 -0.257325 3 0 0 
   d 1 -0.257325 3 0 0 
   d 25 -0.257325 3 0 0 
   d 68 -0.257325 3 0 0
  c rx 4
   d 0 0 3 0 0 
   d 1 0 3 0 0 
   d 25 0 3 0 0 
   d 68 0 3 0 0
  c ry 4
   d 0 0 3 0 0 
   d 1 0 3 0 0 
   d 25 0 3 0 0 
   d 68 0 3 0 0
  c rz 4
   d 0 0 3 0 0 
   d 1 0 3 0 0 
   d 25 0 3 0 0 
   d 68 0 3 0 0
  c sx 4
   d 0 1 3 0 0 
   d 1 1 3 0 0 
   d 25 1 3 0 0 
   d 68 1 3 0 0
  c sy 4
   d 0 1 3 0 0 
   d 1 1 3 0 0 
   d 25 1 3 0 0 
   d 68 1 3 0 0
  c sz 4
   d 0 1 3 0 0 
   d 1 1 3 0 0 
   d 25 1 3 0 0 
   d 68 1 3 0 0
 n R_momo 9
  c tx 4
   d 0 0.154332 3 0 0 
   d 1 0.154332 3 0 0 
   d 37 0.154332 3 0 0 
   d 68 0.154332 3 0 0 
  c ty 4
   d 0 -0.064087 3 0 0 
   d 1 -0.064087 3 0 0 
   d 37 -0.064087 3 0 0 
   d 68 -0.064087 3 0 0 
  c tz 5
   d 0 -0.003933 3 0 0 
   d 1 -0.003933 3 0 0 
   d 12 0.229902 3 0 0 
   d 37 -0.06141 3 0 0 
   d 68 -0.003933 3 0 0 
  c rx 8
   d 0 0.049927 3 0 0 
   d 1 0.049927 3 0 0 
   d 12 -1.291543 3 0 0 
   d 25 -0.349066 3 0.626141 0.626141 
   d 37 0 3 0 0 
   d 50 0.226893 3 0.516582 0.516582 
   d 62 1.044246 3 0 0 
   d 68 0.049927 3 0 0 
  c ry 4
   d 0 0 3 0 0 
   d 1 0 3 0 0 
   d 37 0 3 0 0 
   d 68 0 3 0 0 
  c rz 4
   d 0 0 3 0 0 
   d 1 0 3 0 0 
   d 37 0 3 0 0 
   d 68 0 3 0 0 
  c sx 4
   d 0 1 3 0 0 
   d 1 1 3 0 0 
   d 37 1 3 0 0 
   d 68 1 3 0 0 
  c sy 4
   d 0 1 3 0 0 
   d 1 1 3 0 0 
   d 37 1 3 0 0 
   d 68 1 3 0 0 
  c sz 4
   d 0 1 3 0 0 
   d 1 1 3 0 0 
   d 37 1 3 0 0 
   d 68 1 3 0 0 
 n R_momo2 9
  c tx 6
   d 0 0.169189 3 0 0 
   d 1 0.169189 3 0 0 
   d 25 0.169189 3 0 0 
   d 37 0.169189 3 0 0 
   d 49 0.169189 3 0 0 
   d 68 0.169189 3 0 0 
  c ty 6
   d 0 -0.217186 3 0 0 
   d 1 -0.217186 3 0 0 
   d 25 -0.217186 3 0 0 
   d 37 -0.217186 3 0 0 
   d 49 -0.217186 3 0 0 
   d 68 -0.217186 3 0 0 
  c tz 6
   d 0 0.280954 3 0 0 
   d 1 0.280954 3 0 0 
   d 25 0.280954 3 0 0 
   d 37 0.280954 3 0 0 
   d 49 0.280954 3 0 0 
   d 68 0.280954 3 0 0 
  c rx 7
   d 0 0 3 0 0 
   d 1 0 3 0 0 
   d 12 0.274561 3 0 0 
   d 25 0.274561 3 0 0 
   d 37 0 3 0 0 
   d 49 0 3 0 0 
   d 68 0 3 0 0 
  c ry 6
   d 0 0 3 0 0 
   d 1 0 3 0 0 
   d 25 0 3 0 0 
   d 37 0 3 0 0 
   d 49 0 3 0 0 
   d 68 0 3 0 0 
  c rz 6
   d 0 0 3 0 0 
   d 1 0 3 0 0 
   d 25 0 3 0 0 
   d 37 0 3 0 0 
   d 49 0 3 0 0 
   d 68 0 3 0 0 
  c sx 6
   d 0 1 3 0 0 
   d 1 1 3 0 0 
   d 25 1 3 0 0 
   d 37 1 3 0 0 
   d 49 1 3 0 0 
   d 68 1 3 0 0 
  c sy 6
   d 0 1 3 0 0 
   d 1 1 3 0 0 
   d 25 1 3 0 0 
   d 37 1 3 0 0 
   d 49 1 3 0 0 
   d 68 1 3 0 0 
  c sz 6
   d 0 1 3 0 0 
   d 1 1 3 0 0 
   d 25 1 3 0 0 
   d 37 1 3 0 0 
   d 49 1 3 0 0 
   d 68 1 3 0 0 
 n Rhiza 9
  c tx 5
   d 0 0.017421 3 0 0 
   d 1 0.017421 3 0 0 
   d 37 0.017421 3 0 0 
   d 50 0.017421 3 0 0 
   d 68 0.017421 3 0 0 
  c ty 6
   d 0 -0.310168 3 0 0 
   d 1 -0.310168 3 0 0 
   d 25 -0.440536 3 0 0 
   d 37 -0.310168 3 0 0 
   d 50 -0.310168 3 0 0 
   d 68 -0.310168 3 0 0 
  c tz 6
   d 0 -0.434235 3 0 0 
   d 1 -0.434235 3 0 0 
   d 25 -0.369852 3 0 0 
   d 37 -0.434235 3 0 0 
   d 50 -0.434235 3 0 0 
   d 68 -0.434235 3 0 0 
  c rx 7
   d 0 0 3 0 0 
   d 1 0 3 0 0 
   d 12 0.05236 3 0 0 
   d 25 -0.124968 3 0 0 
   d 37 0 3 0 0 
   d 50 0 3 0 0 
   d 68 0 3 0 0 
  c ry 5
   d 0 0 3 0 0 
   d 1 0 3 0 0 
   d 37 0 3 0 0 
   d 50 0 3 0 0 
   d 68 0 3 0 0 
  c rz 5
   d 0 0 3 0 0 
   d 1 0 3 0 0 
   d 37 0 3 0 0 
   d 50 0 3 0 0 
   d 68 0 3 0 0 
  c sx 5
   d 0 1 3 0 0 
   d 1 1 3 0 0 
   d 37 1 3 0 0 
   d 50 1 3 0 0 
   d 68 1 3 0 0 
  c sy 5
   d 0 1 3 0 0 
   d 1 1 3 0 0 
   d 37 1 3 0 0 
   d 50 1 3 0 0 
   d 68 1 3 0 0 
  c sz 5
   d 0 1 3 0 0 
   d 1 1 3 0 0 
   d 37 1 3 0 0 
   d 50 1 3 0 0 
   d 68 1 3 0 0 
 n Rasikubi 9
  c tx 6
   d 0 0.005127 3 0 0 
   d 1 0.005127 3 0 0 
   d 12 0.005127 3 0 0 
   d 25 0.005127 3 0 0 
   d 37 0.005127 3 0 0 
   d 68 0.005127 3 0 0 
  c ty 6
   d 0 -0.514649 3 0 0 
   d 1 -0.514649 3 0 0 
   d 12 -0.514649 3 0 0 
   d 25 -0.514649 3 0 0 
   d 37 -0.514649 3 0 0 
   d 68 -0.514649 3 0 0 
  c tz 6
   d 0 0.128662 3 0 0 
   d 1 0.128662 3 0 0 
   d 12 0.128662 3 0 0 
   d 25 0.128662 3 0 0 
   d 37 0.128662 3 0 0 
   d 68 0.128662 3 0 0 
  c rx 7
   d 0 -0.034103 3 0 0 
   d 1 -0.034103 3 0 0 
   d 12 0 3 0.098384 0.107328 
   d 25 0.178429 3 0 0 
   d 37 0 3 0 0 
   d 50 -0.15708 3 0 0 
   d 68 -0.034103 3 0 0 
  c ry 6
   d 0 0 3 0 0 
   d 1 0 3 0 0 
   d 12 0 3 0 0 
   d 25 0 3 0 0 
   d 37 0 3 0 0 
   d 68 0 3 0 0 
  c rz 6
   d 0 0 3 0 0 
   d 1 0 3 0 0 
   d 12 0 3 0 0 
   d 25 0 3 0 0 
   d 37 0 3 0 0 
   d 68 0 3 0 0 
  c sx 6
   d 0 1 3 0 0 
   d 1 1 3 0 0 
   d 12 1 3 0 0 
   d 25 1 3 0 0 
   d 37 1 3 0 0 
   d 68 1 3 0 0 
  c sy 6
   d 0 1 3 0 0 
   d 1 1 3 0 0 
   d 12 1 3 0 0 
   d 25 1 3 0 0 
   d 37 1 3 0 0 
   d 68 1 3 0 0 
  c sz 6
   d 0 1 3 0 0 
   d 1 1 3 0 0 
   d 12 1 3 0 0 
   d 25 1 3 0 0 
   d 37 1 3 0 0 
   d 68 1 3 0 0 
 n R_asasaki 9
  c tx 2
   d 0 -0 3 0 0 
   d 68 -0 3 0 0
  c ty 2
   d 0 0 3 0 0 
   d 68 0 3 0 0
  c tz 2
   d 0 0.250432 3 0 0 
   d 68 0.250432 3 0 0
  c rx 2
   d 0 0 3 0 0 
   d 68 0 3 0 0
  c ry 2
   d 0 0 3 0 0 
   d 68 0 3 0 0
  c rz 2
   d 0 0 3 0 0 
   d 68 0 3 0 0
  c sx 2
   d 0 1 3 0 0 
   d 68 1 3 0 0
  c sy 2
   d 0 1 3 0 0 
   d 68 1 3 0 0
  c sz 2
   d 0 1 3 0 0 
   d 68 1 3 0 0
 n kosi 9
  c tx 3
   d 0 0 3 0 0 
   d 1 0 3 0 0 
   d 68 0 3 0 0
  c ty 3
   d 0 0.240967 3 0 0 
   d 1 0.240967 3 0 0 
   d 68 0.240967 3 0 0
  c tz 3
   d 0 -0 3 0 0 
   d 1 -0 3 0 0 
   d 68 -0 3 0 0
  c rx 3
   d 0 0 3 0 0 
   d 1 0 3 0 0 
   d 68 0 3 0 0
  c ry 3
   d 0 0 3 0 0 
   d 1 0 3 0 0 
   d 68 0 3 0 0
  c rz 3
   d 0 0 3 0 0 
   d 1 0 3 0 0 
   d 68 0 3 0 0
  c sx 3
   d 0 1 3 0 0 
   d 1 1 3 0 0 
   d 68 1 3 0 0
  c sy 3
   d 0 1 3 0 0 
   d 1 1 3 0 0 
   d 68 1 3 0 0
  c sz 3
   d 0 1 3 0 0 
   d 1 1 3 0 0 
   d 68 1 3 0 0
 n mune 9
  c tx 3
   d 0 0.003087 3 0 0 
   d 1 0.003087 3 0 0 
   d 68 0.003087 3 0 0 
  c ty 3
   d 0 0.481933 3 0 0 
   d 1 0.481933 3 0 0 
   d 68 0.481933 3 0 0 
  c tz 3
   d 0 0.257325 3 0 0 
   d 1 0.257325 3 0 0 
   d 68 0.257325 3 0 0 
  c rx 3
   d 0 0 3 0 0 
   d 1 0 3 0 0 
   d 68 0 3 0 0 
  c ry 8
   d 0 0.158693 3 0 0 
   d 1 0.158693 3 0 0 
   d 12 0.245308 3 0.193433 0.211017 
   d 25 0.576549 3 0 0 
   d 37 -0.244346 3 -0.628445 -0.628445 
   d 50 -0.719747 3 0 0 
   d 63 -0.143554 3 0.640774 0.246452 
   d 68 0.158693 3 0 0 
  c rz 3
   d 0 0 3 0 0 
   d 1 0 3 0 0 
   d 68 0 3 0 0 
  c sx 3
   d 0 1 3 0 0 
   d 1 1 3 0 0 
   d 68 1 3 0 0 
  c sy 3
   d 0 1 3 0 0 
   d 1 1 3 0 0 
   d 68 1 3 0 0 
  c sz 3
   d 0 1 3 0 0 
   d 1 1 3 0 0 
   d 68 1 3 0 0 
 n kubi 9
  c tx 2
   d 0 0 3 0 0 
   d 68 0 3 0 0
  c ty 2
   d 0 0.478217 3 0 0 
   d 68 0.478217 3 0 0
  c tz 2
   d 0 0.283251 3 0 0 
   d 68 0.283251 3 0 0
  c rx 2
   d 0 0 3 0 0 
   d 68 0 3 0 0
  c ry 2
   d 0 0 3 0 0 
   d 68 0 3 0 0
  c rz 2
   d 0 0 3 0 0 
   d 68 0 3 0 0
  c sx 2
   d 0 1 3 0 0 
   d 68 1 3 0 0
  c sy 2
   d 0 1 3 0 0 
   d 68 1 3 0 0
  c sz 2
   d 0 1 3 0 0 
   d 68 1 3 0 0
 n joint5 9
  c tx 2
   d 0 0 3 0 0 
   d 68 0 3 0 0
  c ty 2
   d 0 0.160828 3 0 0 
   d 68 0.160828 3 0 0
  c tz 2
   d 0 0.213671 3 0 0 
   d 68 0.213671 3 0 0
  c rx 2
   d 0 0 3 0 0 
   d 68 0 3 0 0
  c ry 2
   d 0 0 3 0 0 
   d 68 0 3 0 0
  c rz 2
   d 0 0 3 0 0 
   d 68 0 3 0 0
  c sx 2
   d 0 1 3 0 0 
   d 68 1 3 0 0
  c sy 2
   d 0 1 3 0 0 
   d 68 1 3 0 0
  c sz 2
   d 0 1 3 0 0 
   d 68 1 3 0 0
 n joint6 9
  c tx 2
   d 0 -0 3 0 0 
   d 68 -0 3 0 0
  c ty 2
   d 0 -0.151638 3 0 0 
   d 68 -0.151638 3 0 0
  c tz 2
   d 0 0.243539 3 0 0 
   d 68 0.243539 3 0 0
  c rx 2
   d 0 0 3 0 0 
   d 68 0 3 0 0
  c ry 2
   d 0 0 3 0 0 
   d 68 0 3 0 0
  c rz 2
   d 0 0 3 0 0 
   d 68 0 3 0 0
  c sx 2
   d 0 1 3 0 0 
   d 68 1 3 0 0
  c sy 2
   d 0 1 3 0 0 
   d 68 1 3 0 0
  c sz 2
   d 0 1 3 0 0 
   d 68 1 3 0 0
 n joint7 9
  c tx 2
   d 0 0 3 0 0 
   d 68 0 3 0 0
  c ty 2
   d 0 0.020678 3 0 0 
   d 68 0.020678 3 0 0
  c tz 2
   d 0 0.328548 3 0 0 
   d 68 0.328548 3 0 0
  c rx 2
   d 0 0 3 0 0 
   d 68 0 3 0 0
  c ry 2
   d 0 0 3 0 0 
   d 68 0 3 0 0
  c rz 2
   d 0 0 3 0 0 
   d 68 0 3 0 0
  c sx 2
   d 0 1 3 0 0 
   d 68 1 3 0 0
  c sy 2
   d 0 1 3 0 0 
   d 68 1 3 0 0
  c sz 2
   d 0 1 3 0 0 
   d 68 1 3 0 0
 n joint8 9
  c tx 2
   d 0 -0.003087 3 0 0 
   d 68 -0.003087 3 0 0
  c ty 2
   d 0 -0.075819 3 0 0 
   d 68 -0.075819 3 0 0
  c tz 2
   d 0 0.273407 3 0 0 
   d 68 0.273407 3 0 0
  c rx 2
   d 0 0 3 0 0 
   d 68 0 3 0 0
  c ry 2
   d 0 0 3 0 0 
   d 68 0 3 0 0
  c rz 2
   d 0 0 3 0 0 
   d 68 0 3 0 0
  c sx 2
   d 0 1 3 0 0 
   d 68 1 3 0 0
  c sy 2
   d 0 1 3 0 0 
   d 68 1 3 0 0
  c sz 2
   d 0 1 3 0 0 
   d 68 1 3 0 0
 n joint9 9
  c tx 2
   d 0 0 3 0 0 
   d 68 0 3 0 0
  c ty 2
   d 0 0.011488 3 0 0 
   d 68 0.011488 3 0 0
  c tz 2
   d 0 0.312466 3 0 0 
   d 68 0.312466 3 0 0
  c rx 2
   d 0 0 3 0 0 
   d 68 0 3 0 0
  c ry 2
   d 0 0 3 0 0 
   d 68 0 3 0 0
  c rz 2
   d 0 0 3 0 0 
   d 68 0 3 0 0
  c sx 2
   d 0 1 3 0 0 
   d 68 1 3 0 0
  c sy 2
   d 0 1 3 0 0 
   d 68 1 3 0 0
  c sz 2
   d 0 1 3 0 0 
   d 68 1 3 0 0
 n Rkata 9
  c tx 3
   d 0 0.292063 3 0 0 
   d 1 0.292063 3 0 0 
   d 68 0.292063 3 0 0
  c ty 3
   d 0 0.2826 3 0 0 
   d 1 0.2826 3 0 0 
   d 68 0.2826 3 0 0
  c tz 3
   d 0 0.133156 3 0 0 
   d 1 0.133156 3 0 0 
   d 68 0.133156 3 0 0
  c rx 3
   d 0 0 3 0 0 
   d 1 0 3 0 0 
   d 68 0 3 0 0
  c ry 3
   d 0 0 3 0 0 
   d 1 0 3 0 0 
   d 68 0 3 0 0
  c rz 3
   d 0 0 3 0 0 
   d 1 0 3 0 0 
   d 68 0 3 0 0
  c sx 3
   d 0 1 3 0 0 
   d 1 1 3 0 0 
   d 68 1 3 0 0
  c sy 3
   d 0 1 3 0 0 
   d 1 1 3 0 0 
   d 68 1 3 0 0
  c sz 3
   d 0 1 3 0 0 
   d 1 1 3 0 0 
   d 68 1 3 0 0
 n Rkata2 9
  c tx 4
   d 0 0.312812 3 0 0 
   d 1 0.312812 3 0 0 
   d 25 0.312812 3 0 0 
   d 68 0.312812 3 0 0 
  c ty 4
   d 0 -0.166833 3 0 0 
   d 1 -0.166833 3 0 0 
   d 25 -0.166833 3 0 0 
   d 68 -0.166833 3 0 0 
  c tz 4
   d 0 0 3 0 0 
   d 1 0 3 0 0 
   d 25 0 3 0 0 
   d 68 0 3 0 0 
  c rx 4
   d 0 0 3 0 0 
   d 1 0 3 0 0 
   d 25 0 3 0 0 
   d 68 0 3 0 0 
  c ry 6
   d 0 1.337713 3 0 0 
   d 1 1.337713 3 0 0 
   d 11 1.322625 3 0 0 
   d 25 1.819746 3 0 0 
   d 50 -0.700081 3 0 0 
   d 68 1.337713 3 0 0 
  c rz 4
   d 0 -1.675516 3 0 0 
   d 1 -1.675516 3 0 0 
   d 25 -1.675516 3 0 0 
   d 68 -1.675516 3 0 0 
  c sx 4
   d 0 1 3 0 0 
   d 1 1 3 0 0 
   d 25 1 3 0 0 
   d 68 1 3 0 0 
  c sy 4
   d 0 1 3 0 0 
   d 1 1 3 0 0 
   d 25 1 3 0 0 
   d 68 1 3 0 0 
  c sz 4
   d 0 1 3 0 0 
   d 1 1 3 0 0 
   d 25 1 3 0 0 
   d 68 1 3 0 0 
 n Rhizi 9
  c tx 2
   d 0 0.410131 3 0 0 
   d 68 0.410131 3 0 0 
  c ty 2
   d 0 0.006951 3 0 0 
   d 68 0.006951 3 0 0 
  c tz 2
   d 0 0 3 0 0 
   d 68 0 3 0 0 
  c rx 2
   d 0 0 3 0 0 
   d 68 0 3 0 0 
  c ry 3
   d 0 -1.472173 3 0 0 
   d 11 -1.472173 3 0 0 
   d 68 -1.472173 3 0 0 
  c rz 2
   d 0 0 3 0 0 
   d 68 0 3 0 0 
  c sx 2
   d 0 1 3 0 0 
   d 68 1 3 0 0 
  c sy 2
   d 0 1 3 0 0 
   d 68 1 3 0 0 
  c sz 2
   d 0 1 3 0 0 
   d 68 1 3 0 0 
 n Rtekubi 9
  c tx 2
   d 0 0.341334 3 0 0 
   d 68 0.341334 3 0 0
  c ty 2
   d 0 0.01084 3 0 0 
   d 68 0.01084 3 0 0
  c tz 2
   d 0 0 3 0 0 
   d 68 0 3 0 0
  c rx 2
   d 0 0 3 0 0 
   d 68 0 3 0 0
  c ry 2
   d 0 0 3 0 0 
   d 68 0 3 0 0
  c rz 2
   d 0 0 3 0 0 
   d 68 0 3 0 0
  c sx 2
   d 0 1 3 0 0 
   d 68 1 3 0 0
  c sy 2
   d 0 1 3 0 0 
   d 68 1 3 0 0
  c sz 2
   d 0 1 3 0 0 
   d 68 1 3 0 0
 n Royayubi 9
  c tx 2
   d 0 0.163848 3 0 0 
   d 68 0.163848 3 0 0
  c ty 2
   d 0 -0.032923 3 0 0 
   d 68 -0.032923 3 0 0
  c tz 2
   d 0 0.113418 3 0 0 
   d 68 0.113418 3 0 0
  c rx 2
   d 0 0 3 0 0 
   d 68 0 3 0 0
  c ry 2
   d 0 0 3 0 0 
   d 68 0 3 0 0
  c rz 2
   d 0 0 3 0 0 
   d 68 0 3 0 0
  c sx 2
   d 0 1 3 0 0 
   d 68 1 3 0 0
  c sy 2
   d 0 1 3 0 0 
   d 68 1 3 0 0
  c sz 2
   d 0 1 3 0 0 
   d 68 1 3 0 0
 n R_oyayubisaki 9
  c tx 2
   d 0 0.040958 3 0 0 
   d 68 0.040958 3 0 0
  c ty 2
   d 0 -0.03406 3 0 0 
   d 68 -0.03406 3 0 0
  c tz 2
   d 0 0.094383 3 0 0 
   d 68 0.094383 3 0 0
  c rx 2
   d 0 0 3 0 0 
   d 68 0 3 0 0
  c ry 2
   d 0 0 3 0 0 
   d 68 0 3 0 0
  c rz 2
   d 0 0 3 0 0 
   d 68 0 3 0 0
  c sx 2
   d 0 1 3 0 0 
   d 68 1 3 0 0
  c sy 2
   d 0 1 3 0 0 
   d 68 1 3 0 0
  c sz 2
   d 0 1 3 0 0 
   d 68 1 3 0 0
 n R_te 9
  c tx 2
   d 0 0.169592 3 0 0 
   d 68 0.169592 3 0 0
  c ty 2
   d 0 0.024237 3 0 0 
   d 68 0.024237 3 0 0
  c tz 2
   d 0 0 3 0 0 
   d 68 0 3 0 0
  c rx 2
   d 0 0 3 0 0 
   d 68 0 3 0 0
  c ry 2
   d 0 0 3 0 0 
   d 68 0 3 0 0
  c rz 2
   d 0 0 3 0 0 
   d 68 0 3 0 0
  c sx 2
   d 0 1 3 0 0 
   d 68 1 3 0 0
  c sy 2
   d 0 1 3 0 0 
   d 68 1 3 0 0
  c sz 2
   d 0 1 3 0 0 
   d 68 1 3 0 0
 n R_yubisaki 9
  c tx 2
   d 0 0.15293 3 0 0 
   d 68 0.15293 3 0 0
  c ty 2
   d 0 0.016101 3 0 0 
   d 68 0.016101 3 0 0
  c tz 2
   d 0 0.041092 3 0 0 
   d 68 0.041092 3 0 0
  c rx 2
   d 0 0 3 0 0 
   d 68 0 3 0 0
  c ry 2
   d 0 0 3 0 0 
   d 68 0 3 0 0
  c rz 2
   d 0 0 3 0 0 
   d 68 0 3 0 0
  c sx 2
   d 0 1 3 0 0 
   d 68 1 3 0 0
  c sy 2
   d 0 1 3 0 0 
   d 68 1 3 0 0
  c sz 2
   d 0 1 3 0 0 
   d 68 1 3 0 0
 n Lkata 9
  c tx 3
   d 0 -0.292063 3 0 0 
   d 1 -0.292063 3 0 0 
   d 68 -0.292063 3 0 0
  c ty 3
   d 0 0.282598 3 0 0 
   d 1 0.282598 3 0 0 
   d 68 0.282598 3 0 0
  c tz 3
   d 0 0.133156 3 0 0 
   d 1 0.133156 3 0 0 
   d 68 0.133156 3 0 0
  c rx 3
   d 0 0 3 0 0 
   d 1 0 3 0 0 
   d 68 0 3 0 0
  c ry 3
   d 0 0 3 0 0 
   d 1 0 3 0 0 
   d 68 0 3 0 0
  c rz 3
   d 0 0 3 0 0 
   d 1 0 3 0 0 
   d 68 0 3 0 0
  c sx 3
   d 0 1 3 0 0 
   d 1 1 3 0 0 
   d 68 1 3 0 0
  c sy 3
   d 0 1 3 0 0 
   d 1 1 3 0 0 
   d 68 1 3 0 0
  c sz 3
   d 0 1 3 0 0 
   d 1 1 3 0 0 
   d 68 1 3 0 0
 n Lkata2 9
  c tx 5
   d 0 -0.312812 3 0 0 
   d 1 -0.312812 3 0 0 
   d 11 -0.312812 3 0 0 
   d 25 -0.312812 3 0 0 
   d 68 -0.312812 3 0 0 
  c ty 5
   d 0 -0.16683 3 0 0 
   d 1 -0.16683 3 0 0 
   d 11 -0.16683 3 0 0 
   d 25 -0.16683 3 0 0 
   d 68 -0.16683 3 0 0 
  c tz 5
   d 0 0 3 0 0 
   d 1 0 3 0 0 
   d 11 0 3 0 0 
   d 25 0 3 0 0 
   d 68 0 3 0 0 
  c rx 5
   d 0 0 3 0 0 
   d 1 0 3 0 0 
   d 11 0 3 0 0 
   d 25 0 3 0 0 
   d 68 0 3 0 0 
  c ry 6
   d 0 0.272637 3 0 0 
   d 1 0.272637 3 0 0 
   d 11 0.270892 3 0 0 
   d 25 0.73768 3 0 0 
   d 50 -1.693334 3 0 0 
   d 68 0.272637 3 0 0 
  c rz 5
   d 0 1.675516 3 0 0 
   d 1 1.675516 3 0 0 
   d 11 1.675516 3 0 0 
   d 25 1.675516 3 0 0 
   d 68 1.675516 3 0 0 
  c sx 5
   d 0 1 3 0 0 
   d 1 1 3 0 0 
   d 11 1 3 0 0 
   d 25 1 3 0 0 
   d 68 1 3 0 0 
  c sy 5
   d 0 1 3 0 0 
   d 1 1 3 0 0 
   d 11 1 3 0 0 
   d 25 1 3 0 0 
   d 68 1 3 0 0 
  c sz 5
   d 0 1 3 0 0 
   d 1 1 3 0 0 
   d 11 1 3 0 0 
   d 25 1 3 0 0 
   d 68 1 3 0 0 
 n Lhizi 9
  c tx 3
   d 0 -0.410132 3 0 0 
   d 1 -0.410132 3 0 0 
   d 68 -0.410132 3 0 0 
  c ty 3
   d 0 0.00695 3 0 0 
   d 1 0.00695 3 0 0 
   d 68 0.00695 3 0 0 
  c tz 3
   d 0 0 3 0 0 
   d 1 0 3 0 0 
   d 68 0 3 0 0 
  c rx 3
   d 0 0 3 0 0 
   d 1 0 3 0 0 
   d 68 0 3 0 0 
  c ry 4
   d 0 1.014854 3 0 0 
   d 1 1.014854 3 0 0 
   d 12 1.014854 3 0 0 
   d 68 1.014854 3 0 0 
  c rz 3
   d 0 0 3 0 0 
   d 1 0 3 0 0 
   d 68 0 3 0 0 
  c sx 3
   d 0 1 3 0 0 
   d 1 1 3 0 0 
   d 68 1 3 0 0 
  c sy 3
   d 0 1 3 0 0 
   d 1 1 3 0 0 
   d 68 1 3 0 0 
  c sz 3
   d 0 1 3 0 0 
   d 1 1 3 0 0 
   d 68 1 3 0 0 
 n Ltekubi 9
  c tx 2
   d 0 -0.34133 3 0 0 
   d 68 -0.34133 3 0 0
  c ty 2
   d 0 0.01084 3 0 0 
   d 68 0.01084 3 0 0
  c tz 2
   d 0 0 3 0 0 
   d 68 0 3 0 0
  c rx 2
   d 0 0 3 0 0 
   d 68 0 3 0 0
  c ry 2
   d 0 0 3 0 0 
   d 68 0 3 0 0
  c rz 2
   d 0 0 3 0 0 
   d 68 0 3 0 0
  c sx 2
   d 0 1 3 0 0 
   d 68 1 3 0 0
  c sy 2
   d 0 1 3 0 0 
   d 68 1 3 0 0
  c sz 2
   d 0 1 3 0 0 
   d 68 1 3 0 0
 n Loyayubi 9
  c tx 2
   d 0 -0.16385 3 0 0 
   d 68 -0.16385 3 0 0
  c ty 2
   d 0 -0.03292 3 0 0 
   d 68 -0.03292 3 0 0
  c tz 2
   d 0 0.113418 3 0 0 
   d 68 0.113418 3 0 0
  c rx 2
   d 0 0 3 0 0 
   d 68 0 3 0 0
  c ry 2
   d 0 0 3 0 0 
   d 68 0 3 0 0
  c rz 2
   d 0 0 3 0 0 
   d 68 0 3 0 0
  c sx 2
   d 0 1 3 0 0 
   d 68 1 3 0 0
  c sy 2
   d 0 1 3 0 0 
   d 68 1 3 0 0
  c sz 2
   d 0 1 3 0 0 
   d 68 1 3 0 0
 n L_oyayubisaki 9
  c tx 2
   d 0 -0.04096 3 0 0 
   d 68 -0.04096 3 0 0
  c ty 2
   d 0 -0.03406 3 0 0 
   d 68 -0.03406 3 0 0
  c tz 2
   d 0 0.094383 3 0 0 
   d 68 0.094383 3 0 0
  c rx 2
   d 0 0 3 0 0 
   d 68 0 3 0 0
  c ry 2
   d 0 0 3 0 0 
   d 68 0 3 0 0
  c rz 2
   d 0 0 3 0 0 
   d 68 0 3 0 0
  c sx 2
   d 0 1 3 0 0 
   d 68 1 3 0 0
  c sy 2
   d 0 1 3 0 0 
   d 68 1 3 0 0
  c sz 2
   d 0 1 3 0 0 
   d 68 1 3 0 0
 n L_te 9
  c tx 2
   d 0 -0.1696 3 0 0 
   d 68 -0.1696 3 0 0
  c ty 2
   d 0 0.02424 3 0 0 
   d 68 0.02424 3 0 0
  c tz 2
   d 0 0 3 0 0 
   d 68 0 3 0 0
  c rx 2
   d 0 0 3 0 0 
   d 68 0 3 0 0
  c ry 2
   d 0 0 3 0 0 
   d 68 0 3 0 0
  c rz 2
   d 0 0 3 0 0 
   d 68 0 3 0 0
  c sx 2
   d 0 1 3 0 0 
   d 68 1 3 0 0
  c sy 2
   d 0 1 3 0 0 
   d 68 1 3 0 0
  c sz 2
   d 0 1 3 0 0 
   d 68 1 3 0 0
 n L_yubisaki 9
  c tx 2
   d 0 -0.15293 3 0 0 
   d 68 -0.15293 3 0 0
  c ty 2
   d 0 0.0161 3 0 0 
   d 68 0.0161 3 0 0
  c tz 2
   d 0 0.041092 3 0 0 
   d 68 0.041092 3 0 0
  c rx 2
   d 0 0 3 0 0 
   d 68 0 3 0 0
  c ry 2
   d 0 0 3 0 0 
   d 68 0 3 0 0
  c rz 2
   d 0 0 3 0 0 
   d 68 0 3 0 0
  c sx 2
   d 0 1 3 0 0 
   d 68 1 3 0 0
  c sy 2
   d 0 1 3 0 0 
   d 68 1 3 0 0
  c sz 2
   d 0 1 3 0 0 
   d 68 1 3 0 0
 n L_momo 9
  c tx 4
   d 0 -0.154332 3 0 0 
   d 1 -0.154332 3 0 0 
   d 12 -0.154332 3 0 0 
   d 68 -0.154332 3 0 0 
  c ty 4
   d 0 -0.064085 3 0 0 
   d 1 -0.064085 3 0 0 
   d 12 -0.064085 3 0 0 
   d 68 -0.064085 3 0 0 
  c tz 8
   d 0 -0.004606 3 0 0 
   d 1 -0.004606 3 0 0 
   d 12 -0.051661 3 -0.064232 -0.070071 
   d 25 -0.124477 3 0 0 
   d 37 0.23 3 0 0 
   d 50 0.23 3 0 0 
   d 62 0.084 3 -0.157968 -0.06582 
   d 68 -0.004606 3 0 0 
  c rx 8
   d 0 -0.30464 3 0 0 
   d 1 -0.30464 3 0 0 
   d 12 0.208449 3 0.124483 0.1358 
   d 25 0.891583 3 0 0 
   d 37 -0.2603 3 -1.05838 -1.05838 
   d 50 -1.291543 3 0 0 
   d 62 -0.349066 3 0 0 
   d 68 -0.30464 3 0 0 
  c ry 4
   d 0 0 3 0 0 
   d 1 0 3 0 0 
   d 12 0 3 0 0 
   d 68 0 3 0 0 
  c rz 4
   d 0 0 3 0 0 
   d 1 0 3 0 0 
   d 12 0 3 0 0 
   d 68 0 3 0 0 
  c sx 4
   d 0 1 3 0 0 
   d 1 1 3 0 0 
   d 12 1 3 0 0 
   d 68 1 3 0 0 
  c sy 4
   d 0 1 3 0 0 
   d 1 1 3 0 0 
   d 12 1 3 0 0 
   d 68 1 3 0 0 
  c sz 4
   d 0 1 3 0 0 
   d 1 1 3 0 0 
   d 12 1 3 0 0 
   d 68 1 3 0 0 
 n L_momo2 9
  c tx 7
   d 0 -0.169 3 0 0 
   d 1 -0.169 3 0 0 
   d 12 -0.169 3 0 0 
   d 32 -0.169 3 0 0 
   d 42 -0.169 3 0 0 
   d 52 -0.169 3 0 0 
   d 68 -0.169 3 0 0 
  c ty 5
   d 0 -0.217186 3 0 0 
   d 1 -0.217186 3 0 0 
   d 32 -0.217187 3 0 0 
   d 62 -0.217186 3 0 0 
   d 68 -0.217186 3 0 0 
  c tz 5
   d 0 0.280954 3 0 0 
   d 1 0.280954 3 0 0 
   d 32 0.280954 3 0 0 
   d 62 0.280954 3 0 0 
   d 68 0.280954 3 0 0 
  c rx 5
   d 0 0.274561 3 0 0 
   d 1 0.274561 3 0 0 
   d 32 0.138121 3 0 0 
   d 62 0.274561 3 0 0 
   d 68 0.274561 3 0 0 
  c ry 5
   d 0 0 3 0 0 
   d 1 0 3 0 0 
   d 32 0 3 0 0 
   d 62 0 3 0 0 
   d 68 0 3 0 0 
  c rz 5
   d 0 0 3 0 0 
   d 1 0 3 0 0 
   d 32 0 3 0 0 
   d 62 0 3 0 0 
   d 68 0 3 0 0 
  c sx 5
   d 0 1 3 0 0 
   d 1 1 3 0 0 
   d 32 1 3 0 0 
   d 62 1 3 0 0 
   d 68 1 3 0 0 
  c sy 5
   d 0 1 3 0 0 
   d 1 1 3 0 0 
   d 32 1 3 0 0 
   d 62 1 3 0 0 
   d 68 1 3 0 0 
  c sz 5
   d 0 1 3 0 0 
   d 1 1 3 0 0 
   d 32 1 3 0 0 
   d 62 1 3 0 0 
   d 68 1 3 0 0 
 n Lhiza 9
  c tx 4
   d 0 -0.017421 3 0 0 
   d 12 -0.017421 3 0 0 
   d 25 -0.017421 3 0 0 
   d 68 -0.017421 3 0 0
  c ty 6
   d 0 -0.412902 3 0 0 
   d 1 -0.412902 3 0 0 
   d 12 -0.310168 3 0 0 
   d 25 -0.310168 3 0 0 
   d 62 -0.440536 3 0 0 
   d 68 -0.412902 3 0 0 
  c tz 6
   d 0 -0.388872 3 0 0 
   d 1 -0.388872 3 0 0 
   d 12 -0.434235 3 0 0 
   d 25 -0.434235 3 0 0 
   d 62 -0.369852 3 0 0 
   d 68 -0.388872 3 0 0 
  c rx 8
   d 0 -0.139483 3 0 0 
   d 1 -0.139483 3 0 0 
   d 12 0 3 0.352162 0.384177 
   d 25 0.621262 3 0 0 
   d 37 0.051902 3 0 0 
   d 50 0.05236 3 0 0 
   d 62 -0.124968 3 0 0 
   d 68 -0.124968 3 0 0
  c ry 4
   d 0 0 3 0 0 
   d 12 0 3 0 0 
   d 25 0 3 0 0 
   d 68 0 3 0 0
  c rz 4
   d 0 0 3 0 0 
   d 12 0 3 0 0 
   d 25 0 3 0 0 
   d 68 0 3 0 0
  c sx 4
   d 0 1 3 0 0 
   d 12 1 3 0 0 
   d 25 1 3 0 0 
   d 68 1 3 0 0
  c sy 4
   d 0 1 3 0 0 
   d 12 1 3 0 0 
   d 25 1 3 0 0 
   d 68 1 3 0 0
  c sz 4
   d 0 1 3 0 0 
   d 12 1 3 0 0 
   d 25 1 3 0 0 
   d 68 1 3 0 0
 n Lasikubi 9
  c tx 5
   d 0 -0.005127 3 0 0 
   d 1 -0.005127 3 0 0 
   d 25 -0.005127 3 0 0 
   d 50 -0.005127 3 0 0 
   d 68 -0.005127 3 0 0 
  c ty 6
   d 0 -0.528196 3 0 0 
   d 1 -0.528196 3 0 0 
   d 25 -0.509426 3 0.013445 0.014006 
   d 50 -0.501017 3 0.006999 0.00336 
   d 62 -0.499031 3 0 0 
   d 68 -0.528196 3 0 0 
  c tz 6
   d 0 0.127049 3 0 0 
   d 1 0.127049 3 0 0 
   d 25 0.129718 3 0.002161 0.002251 
   d 50 0.131418 3 0.001415 0.000679 
   d 62 0.13182 3 0 0 
   d 68 0.127049 3 0 0 
  c rx 7
   d 0 0.129001 3 0 0 
   d 1 0.129001 3 0 0 
   d 12 -0.15708 3 0 0 
   d 25 -0.100814 3 0.097391 0.202898 
   d 50 0.144254 3 0.204582 0.098199 
   d 62 0.20302 3 0 0 
   d 68 0.129001 3 0 0 
  c ry 6
   d 0 0 3 0 0 
   d 1 0 3 0 0 
   d 12 0 3 0 0 
   d 25 0 3 0 0 
   d 50 0 3 0 0 
   d 68 0 3 0 0 
  c rz 6
   d 0 0 3 0 0 
   d 1 0 3 0 0 
   d 12 0 3 0 0 
   d 25 0 3 0 0 
   d 50 0 3 0 0 
   d 68 0 3 0 0 
  c sx 5
   d 0 1 3 0 0 
   d 1 1 3 0 0 
   d 25 1 3 0 0 
   d 50 1 3 0 0 
   d 68 1 3 0 0 
  c sy 5
   d 0 1 3 0 0 
   d 1 1 3 0 0 
   d 25 1 3 0 0 
   d 50 1 3 0 0 
   d 68 1 3 0 0 
  c sz 5
   d 0 1 3 0 0 
   d 1 1 3 0 0 
   d 25 1 3 0 0 
   d 50 1 3 0 0 
   d 68 1 3 0 0 
 n L_asasaki 9
  c tx 2
   d 0 0 3 0 0 
   d 68 0 3 0 0
  c ty 2
   d 0 -0.022813 3 0 0 
   d 68 -0.022813 3 0 0
  c tz 2
   d 0 0.249746 3 0 0 
   d 68 0.249746 3 0 0
  c rx 2
   d 0 0 3 0 0 
   d 68 0 3 0 0
  c ry 2
   d 0 0 3 0 0 
   d 68 0 3 0 0
  c rz 2
   d 0 0 3 0 0 
   d 68 0 3 0 0
  c sx 2
   d 0 1 3 0 0 
   d 68 1 3 0 0
  c sy 2
   d 0 1 3 0 0 
   d 68 1 3 0 0
  c sz 2
   d 0 1 3 0 0 
   d 68 1 3 0 0
 n bottom 0
}
